Define CharList
 ( '!', '"', '#', '$', '%', '&',"'", '(', ')', '*', '+', ',', '-', '.', '/', '0',
   '1', '2', '3', '4', '5', '6', '7', '8', '9', ':', ';', '<', '=', '>', '?', '@',
   'A', 'B', 'C', 'D', 'E', 'F', 'G', 'H', 'I', 'J', 'K', 'L', 'M', 'N', 'O', 'P',
   'Q', 'R', 'S', 'T', 'U', 'V', 'W', 'X', 'Y', 'Z', '[','\\', ']', '^', '_', '`',
   'a', 'b', 'c', 'd', 'e', 'f', 'g', 'h', 'i', 'j', 'k', 'l', 'm', 'n', 'o', 'p',
   'q', 'r', 's', 't', 'u', 'v', 'w', 'x', 'y', 'z', '{', '|', '}', '~', '¢', '£',
   '¥', '¨', '©', '«', '®', '°', '´', '·', '¸', '»', '¿', 'À', 'Á', 'Â', 'Ã', 'Ä',
   'Å', 'Æ', 'Ç', 'È', 'É', 'Ê', 'Ë', 'Ì', 'Í', 'Î', 'Ï', 'Ð', 'Ñ', 'Ò', 'Ó', 'Ô',
   'Õ', 'Ö', '×', 'Ø', 'Ù', 'Ú', 'Û', 'Ü', 'Ý', 'Þ', 'ß', 'à', 'á', 'â', 'ã', 'ä',
   'å', 'æ', 'ç', 'è', 'é', 'ê', 'ë', 'ì', 'í', 'î', 'ï', 'ð', 'ñ', 'ò', 'ó', 'ô',
   'õ', 'ö', '÷', 'ø', 'ù', 'ú', 'û', 'ü', 'ý', 'þ', 'ÿ');

Define WidthList
 (  11,  14,  29,  23,  29,  18,   7,  16,  16,  22,  21,  12,  18,  12,  12,  18,
     8,  21,  21,  18,  21,  21,  21,  21,  21,  12,  12,  21,  21,  21,  16,  26,
    23,  26,  26,  21,  25,  23,  29,  25,  10,  23,  27,  25,  27,  23,  25,  22,
    25,  27,  21,  26,  23,  25,  29,  20,  18,  22,  13,  12,  14,  12,  22,   8,
    19,  18,  15,  18,  17,  23,  19,  20,   9,  17,  20,   9,  25,  21,  19,  17,
    18,  19,  17,  19,  19,  17,  21,  17,  19,  17,  21,   6,  21,  21,  15,  25,
    18,  14,  25,  21,  24,  19,   7,  12,  12,  21,  16,  23,  26,  26,  23,  28,
    25,  29,  21,  23,  23,  27,  25,  27,  25,  25,  25,  22,  26,  26,  18,  22,
    20,  23,  23,  27,  30,  26,  32,  23,  25,  35,  20,  19,  17,  17,  19,  19,
    17,  28,  17,  19,  19,  20,  17,  23,  18,  19,  21,  17,  15,  25,  19,  23,
    17,  20,  19,  25,  27,  19,  23,  16,  15,  27,  18);

Define RectList
 ( (   0,  0,  7, 49), (   8,  0, 14, 49), (  23,  0, 30, 49), (  54,  0, 21, 49),   (  76,  0, 24, 49), ( 101,  0, 13, 49), ( 115,  0,  7, 49), ( 123,  0, 10, 49),   ( 134,  0, 10, 49), ( 145,  0, 21, 49), ( 167,  0, 17, 49), ( 185,  0,  7, 49),   ( 193,  0, 17, 49), ( 211,  0,  6, 49), ( 218,  0, 12, 49), ( 231,  0, 18, 49),
   ( 250,  0,  7, 49), ( 258,  0, 20, 49), ( 279,  0, 19, 49), ( 299,  0, 18, 49),   ( 318,  0, 20, 49), ( 339,  0, 19, 49), ( 359,  0, 19, 49), ( 379,  0, 18, 49),   ( 398,  0, 18, 49), ( 417,  0,  7, 49), ( 425,  0,  9, 49), ( 435,  0, 19, 49),   ( 455,  0, 18, 49), ( 474,  0, 19, 49), ( 494,  0, 14, 49), ( 509,  0, 25, 49),
   ( 535,  0, 23, 49), ( 559,  0, 25, 49), ( 585,  0, 24, 49), ( 610,  0, 21, 49),   ( 632,  0, 26, 49), ( 659,  0, 23, 49), ( 683,  0, 26, 49), ( 710,  0, 23, 49),   ( 734,  0,  7, 49), ( 742,  0, 22, 49), ( 765,  0, 26, 49), ( 792,  0, 24, 49),   ( 817,  0, 25, 49), ( 843,  0, 20, 49), ( 864,  0, 24, 49), ( 889,  0, 22, 49),
   ( 912,  0, 25, 49), ( 938,  0, 27, 49), ( 966,  0, 21, 49), ( 988,  0, 26, 49),   (1015,  0, 21, 49), (1037,  0, 23, 49), (1061,  0, 27, 49), (1089,  0, 20, 49),   (1110,  0, 17, 49), (1128,  0, 21, 49), (1150,  0, 13, 49), (1164,  0, 12, 49),   (1177,  0, 14, 49), (1192,  0, 12, 49), (1205,  0, 17, 49), (1223,  0,  8, 49),
   (1232,  0, 20, 49), (1253,  0, 18, 49), (1272,  0, 15, 49), (1288,  0, 16, 49),   (1305,  0, 16, 49), (1322,  0, 22, 49), (1345,  0, 18, 49), (1364,  0, 18, 49),   (1383,  0,  8, 49), (1392,  0, 16, 49), (1409,  0, 20, 49), (1430,  0,  6, 49),   (1437,  0, 24, 49), (1462,  0, 20, 49), (1483,  0, 18, 49), (1502,  0, 17, 49),
   (1520,  0, 17, 49), (1538,  0, 19, 49), (1558,  0, 16, 49), (1575,  0, 19, 49),   (1595,  0, 17, 49), (1613,  0, 16, 49), (1630,  0, 20, 49), (1651,  0, 16, 49),   (1668,  0, 18, 49), (1687,  0, 18, 49), (1706,  0, 14, 49), (1721,  0,  4, 49),   (1726,  0, 15, 49), (1742,  0, 18, 49), (1761,  0, 21, 49), (1783,  0, 32, 49),
   (1816,  0, 23, 49), (1840,  0, 20, 49), (1861,  0, 24, 49), (1886,  0, 27, 49),   (1914,  0, 24, 49), (1939,  0, 24, 49), (1964,  0, 11, 49), (1976,  0,  8, 49),   (1985,  0, 11, 49), (1997,  0, 27, 49), (2025,  0, 20, 49), (2046,  0, 23, 49),   (2070,  0, 25, 49), (2096,  0, 25, 49), (2122,  0, 23, 49), (2146,  0, 26, 49),
   (2173,  0, 26, 49), (2200,  0, 28, 49), (2229,  0, 19, 49), (2249,  0, 21, 49),   (2271,  0, 21, 49), (2293,  0, 26, 49), (2320,  0, 23, 49), (2344,  0, 25, 49),   (2370,  0, 23, 49), (2394,  0, 24, 49), (2419,  0, 21, 49), (2441,  0, 22, 49),   (2464,  0, 24, 49), (2489,  0, 26, 49), (2516,  0, 17, 49), (2534,  0, 20, 49),
   (2555,  0, 20, 49), (2576,  0, 21, 49), (2598,  0, 21, 49), (2620,  0, 25, 49),   (2646,  0, 29, 49), (2676,  0, 24, 49), (2701,  0, 31, 49), (2733,  0, 22, 49),   (2756,  0, 23, 49), (2780,  0, 33, 49), (2814,  0, 18, 49), (2833,  0, 20, 49),   (2854,  0, 17, 49), (2872,  0, 17, 49), (2890,  0, 19, 49), (2910,  0, 18, 49),
   (2929,  0, 16, 49), (2946,  0, 27, 49), (2974,  0, 17, 49), (2992,  0, 17, 49),   (3010,  0, 17, 49), (3028,  0, 20, 49), (3049,  0, 16, 49), (3066,  0, 23, 49),   (3090,  0, 18, 49), (3109,  0, 18, 49), (3128,  0, 19, 49), (3148,  0, 17, 49),   (3166,  0, 15, 49), (3182,  0, 24, 49), (3207,  0, 18, 49), (3226,  0, 23, 49),
   (3250,  0, 16, 49), (3267,  0, 19, 49), (3287,  0, 17, 49), (3305,  0, 24, 49),   (3330,  0, 27, 49), (3358,  0, 19, 49), (3378,  0, 23, 49), (3402,  0, 16, 49),   (3419,  0, 15, 49), (3435,  0, 25, 49), (3461,  0, 18, 49));

Define OffsetList
 ( ( 2, 0), ( 0, 0), (-1, 0), ( 0, 0), ( 5, 0), ( 3, 0), ( 0, 0), ( 5, 0),   ( 1, 0), ( 0, 0), ( 2, 0), ( 3, 0), ( 0, 0), ( 3, 0), ( 0, 0), ( 0, 0),
   ( 0, 0), ( 1, 0), ( 1, 0), ( 0, 0), ( 0, 0), ( 1, 0), ( 0, 0), ( 1, 0),   ( 0, 0), ( 2, 0), ( 2, 0), ( 1, 0), ( 1, 0), ( 1, 0), ( 0, 0), ( 0, 0),
   ( 0, 0), ( 0, 0), ( 1, 0), ( 0, 0), ( 0, 0), ( 0, 0), ( 2, 0), ( 0, 0),   ( 1, 0), ( 0, 0), ( 0, 0), ( 1, 0), ( 1, 0), ( 1, 0), ( 0, 0), ( 0, 0),
   ( 0, 0), ( 0, 0), ( 0, 0), ( 0, 0), ( 1, 0), ( 1, 0), ( 1, 0), ( 0, 0),   ( 0, 0), ( 0, 0), ( 0, 0), ( 0, 0), (-1, 0), ( 0, 0), ( 2, 0), ( 0, 0),
   ( 0, 0), ( 0, 0), ( 0, 0), ( 1, 0), ( 0, 0), ( 0, 0), ( 0, 0), ( 1, 0),   ( 0, 0), ( 0, 0), ( 0, 0), ( 1, 0), ( 0, 0), ( 0, 0), ( 1, 0), ( 0, 0),
   ( 0, 0), ( 0, 0), ( 1, 0), ( 0, 0), ( 1, 0), ( 0, 0), ( 0, 0), ( 0, 0),   ( 0, 0), ( 0, 0), ( 5, 0), ( 1, 0), ( 2, 0), ( 2, 0), (-3, 0), (-3, 0),
   (-3, 0), (-3, 0), ( 0, 0), (-3, 0), ( 0, 0), (-2, 0), (-2, 0), ( 2, 0),   ( 1, 0), (-3, 0), (-3, 0), ( 0, 0), ( 0, 0), ( 0, 0), ( 0, 0), ( 1, 0),
   ( 0, 0), ( 1, 0), ( 1, 0), ( 1, 0), ( 1, 0), ( 0, 0), ( 1, 0), ( 1, 0),   ( 0, 0), ( 0, 0), ( 2, 0), ( 0, 0), ( 1, 0), ( 0, 0), ( 0, 0), ( 1, 0),
   ( 0, 0), ( 1, 0), ( 1, 0), ( 1, 0), ( 1, 0), ( 1, 0), ( 0, 0), ( 0, 0),   ( 1, 0), ( 1, 0), ( 1, 0), ( 0, 0), ( 0, 0), ( 0, 0), ( 0, 0), ( 0, 0),
   ( 0, 0), ( 0, 0), ( 0, 0), ( 1, 0), ( 1, 0), ( 0, 0), ( 0, 0), ( 0, 0),   ( 0, 0), ( 1, 0), ( 0, 0), ( 0, 0), ( 0, 0), ( 0, 0), ( 0, 0), ( 0, 0),
   ( 0, 0), ( 1, 0), ( 1, 0), ( 0, 0), ( 0, 0), ( 0, 0), ( 0, 0), ( 0, 0),   ( 0, 0), ( 1, 0), ( 0, 0));

CreateLayer               Main;
LayerSetImage             Main 'BrianneTod32';
LayerSetAscent            Main 39;
LayerSetCharWidths        Main CharList WidthList;
LayerSetCharWidths        Main (' ') (11);
LayerSetImageMap          Main CharList RectList;
LayerSetCharOffsets       Main CharList OffsetList;
LayerSetAscentPadding     Main 0;
LayerSetLineSpacingOffset Main 0;
LayerSetPointSize         Main 32;

SetDefaultPointSize  32;
