Define CharList
 ( '!', '"', '#', '$', '%', '&',"'", '(', ')', '*', '+', ',', '-', '.', '/', '0',
   '1', '2', '3', '4', '5', '6', '7', '8', '9', ':', ';', '<', '=', '>', '?', '@',
   'A', 'B', 'C', 'D', 'E', 'F', 'G', 'H', 'I', 'J', 'K', 'L', 'M', 'N', 'O', 'P',
   'Q', 'R', 'S', 'T', 'U', 'V', 'W', 'X', 'Y', 'Z', '[','\\', ']', '^', '_', '`',
   'a', 'b', 'c', 'd', 'e', 'f', 'g', 'h', 'i', 'j', 'k', 'l', 'm', 'n', 'o', 'p',
   'q', 'r', 's', 't', 'u', 'v', 'w', 'x', 'y', 'z', '{', '|', '}', '~', '¢', '£',
   '¥', '¨', '©', '«', '®', '°', '´', '·', '¸', '»', '¿', 'À', 'Á', 'Â', 'Ã', 'Ä',
   'Å', 'Æ', 'Ç', 'È', 'É', 'Ê', 'Ë', 'Ì', 'Í', 'Î', 'Ï', 'Ð', 'Ñ', 'Ò', 'Ó', 'Ô',
   'Õ', 'Ö', '×', 'Ø', 'Ù', 'Ú', 'Û', 'Ü', 'Ý', 'Þ', 'ß', 'à', 'á', 'â', 'ã', 'ä',
   'å', 'æ', 'ç', 'è', 'é', 'ê', 'ë', 'ì', 'í', 'î', 'ï', 'ð', 'ñ', 'ò', 'ó', 'ô',
   'õ', 'ö', '÷', 'ø', 'ù', 'ú', 'û', 'ü', 'ý', 'þ', 'ÿ');

Define WidthList
 (   4,   5,  11,   9,  11,   7,   3,   6,   6,   8,   8,   4,   7,   4,   4,   7,
     3,   8,   8,   7,   8,   8,   8,   8,   8,   4,   4,   8,   8,   8,   6,  10,
     9,  10,  10,   8,   9,   8,  11,   9,   4,   9,  10,   9,  10,   8,   9,   8,
     9,  10,   8,  10,   9,   9,  11,   7,   7,   8,   5,   4,   5,   5,   8,   3,
     7,   7,   6,   7,   6,   8,   7,   7,   4,   6,   8,   3,   9,   8,   7,   6,
     7,   7,   6,   7,   7,   6,   8,   6,   7,   7,   8,   2,   8,   8,   6,   9,
     7,   5,   9,   8,   9,   7,   3,   4,   4,   8,   6,   9,  10,  10,   8,  10,
     9,  11,   8,   9,   9,  10,   9,  10,   9,   9,   9,   8,  10,  10,   7,   8,
     7,   9,   8,  10,  11,  10,  12,   9,   9,  13,   7,   7,   6,   6,   7,   7,
     6,  10,   6,   7,   7,   8,   6,   9,   7,   7,   8,   6,   6,   9,   7,   9,
     6,   7,   7,   9,  10,   7,   8,   6,   6,  10,   7);

Define RectList
 ( (   0,  0,  3, 18), (   4,  0,  5, 18), (  10,  0, 11, 18), (  22,  0,  8, 18),
   (  31,  0,  9, 18), (  41,  0,  5, 18), (  47,  0,  3, 18), (  51,  0,  4, 18),
   (  56,  0,  4, 18), (  61,  0,  8, 18), (  70,  0,  7, 18), (  78,  0,  3, 18),
   (  82,  0,  7, 18), (  90,  0,  2, 18), (  93,  0,  5, 18), (  99,  0,  7, 18),
   ( 107,  0,  3, 18), ( 111,  0,  8, 18), ( 120,  0,  7, 18), ( 128,  0,  7, 18),
   ( 136,  0,  8, 18), ( 145,  0,  8, 18), ( 154,  0,  7, 18), ( 162,  0,  7, 18),
   ( 170,  0,  7, 18), ( 178,  0,  3, 18), ( 182,  0,  4, 18), ( 187,  0,  8, 18),
   ( 196,  0,  7, 18), ( 204,  0,  8, 18), ( 213,  0,  6, 18), ( 220,  0,  9, 18),
   ( 230,  0,  9, 18), ( 240,  0, 10, 18), ( 251,  0, 10, 18), ( 262,  0,  8, 18),
   ( 271,  0, 10, 18), ( 282,  0,  9, 18), ( 292,  0, 11, 18), ( 304,  0,  9, 18),
   ( 314,  0,  3, 18), ( 318,  0,  9, 18), ( 328,  0, 10, 18), ( 339,  0,  9, 18),
   ( 349,  0, 10, 18), ( 360,  0,  8, 18), ( 369,  0,  9, 18), ( 379,  0,  8, 18),
   ( 388,  0,  9, 18), ( 398,  0, 10, 18), ( 409,  0,  8, 18), ( 418,  0, 10, 18),
   ( 429,  0,  9, 18), ( 439,  0,  9, 18), ( 449,  0, 11, 18), ( 461,  0,  8, 18),
   ( 470,  0,  7, 18), ( 478,  0,  8, 18), ( 487,  0,  5, 18), ( 493,  0,  5, 18),
   ( 499,  0,  5, 18), ( 505,  0,  5, 18), ( 511,  0,  6, 18), ( 518,  0,  3, 18),
   ( 522,  0,  8, 18), ( 531,  0,  7, 18), ( 539,  0,  6, 18), ( 546,  0,  7, 18),
   ( 554,  0,  6, 18), ( 561,  0,  8, 18), ( 570,  0,  7, 18), ( 578,  0,  7, 18),
   ( 586,  0,  3, 18), ( 590,  0,  6, 18), ( 597,  0,  8, 18), ( 606,  0,  3, 18),
   ( 610,  0,  9, 18), ( 620,  0,  8, 18), ( 629,  0,  7, 18), ( 637,  0,  6, 18),
   ( 644,  0,  7, 18), ( 652,  0,  7, 18), ( 660,  0,  7, 18), ( 668,  0,  7, 18),
   ( 676,  0,  7, 18), ( 684,  0,  6, 18), ( 691,  0,  8, 18), ( 700,  0,  6, 18),
   ( 707,  0,  7, 18), ( 715,  0,  7, 18), ( 723,  0,  6, 18), ( 730,  0,  2, 18),
   ( 733,  0,  5, 18), ( 739,  0,  8, 18), ( 748,  0,  8, 18), ( 757,  0, 13, 18),
   ( 771,  0, 11, 18), ( 783,  0,  7, 18), ( 791,  0,  9, 18), ( 801,  0, 12, 18),
   ( 814,  0,  9, 18), ( 824,  0, 11, 18), ( 836,  0,  5, 18), ( 842,  0,  4, 18),
   ( 847,  0,  5, 18), ( 853,  0, 12, 18), ( 866,  0,  8, 18), ( 875,  0,  9, 18),
   ( 885,  0, 10, 18), ( 896,  0, 10, 18), ( 907,  0,  9, 18), ( 917,  0, 10, 18),
   ( 928,  0, 10, 18), ( 939,  0, 11, 18), ( 951,  0,  8, 18), ( 960,  0,  8, 18),
   ( 969,  0,  8, 18), ( 978,  0, 10, 18), ( 989,  0,  9, 18), ( 999,  0, 10, 18),
   (1010,  0,  9, 18), (1020,  0,  9, 18), (1030,  0,  8, 18), (1039,  0,  8, 18),
   (1048,  0, 10, 18), (1059,  0, 10, 18), (1070,  0,  7, 18), (1078,  0,  8, 18),
   (1087,  0,  8, 18), (1096,  0,  9, 18), (1106,  0,  8, 18), (1115,  0, 10, 18),
   (1126,  0, 11, 18), (1138,  0, 10, 18), (1149,  0, 12, 18), (1162,  0,  8, 18),
   (1171,  0,  9, 18), (1181,  0, 13, 18), (1195,  0,  7, 18), (1203,  0,  8, 18),
   (1212,  0,  6, 18), (1219,  0,  6, 18), (1226,  0,  7, 18), (1234,  0,  7, 18),
   (1242,  0,  6, 18), (1249,  0, 10, 18), (1260,  0,  6, 18), (1267,  0,  7, 18),
   (1275,  0,  7, 18), (1283,  0,  8, 18), (1292,  0,  6, 18), (1299,  0,  9, 18),
   (1309,  0,  7, 18), (1317,  0,  7, 18), (1325,  0,  7, 18), (1333,  0,  6, 18),
   (1340,  0,  6, 18), (1347,  0,  9, 18), (1357,  0,  7, 18), (1365,  0,  9, 18),
   (1375,  0,  6, 18), (1382,  0,  8, 18), (1391,  0,  7, 18), (1399,  0,  9, 18),
   (1409,  0, 10, 18), (1420,  0,  7, 18), (1428,  0,  9, 18), (1438,  0,  6, 18),
   (1445,  0,  6, 18), (1452,  0, 10, 18), (1463,  0,  7, 18));

Define OffsetList
 ( ( 1, 0), ( 0, 0), ( 0, 0), ( 0, 0), ( 2, 0), ( 1, 0), ( 0, 0), ( 2, 0),
   ( 0, 0), ( 0, 0), ( 0, 0), ( 1, 0), ( 0, 0), ( 1, 0), ( 0, 0), ( 0, 0),
   ( 0, 0), ( 0, 0), ( 0, 0), ( 0, 0), ( 0, 0), ( 0, 0), ( 0, 0), ( 0, 0),
   ( 0, 0), ( 1, 0), ( 0, 0), ( 0, 0), ( 0, 0), ( 0, 0), ( 0, 0), ( 0, 0),
   ( 0, 0), ( 0, 0), ( 0, 0), ( 0, 0), ( 0, 0), ( 0, 0), ( 0, 0), ( 0, 0),
   ( 0, 0), ( 0, 0), ( 0, 0), ( 0, 0), ( 0, 0), ( 0, 0), ( 0, 0), ( 0, 0),
   ( 0, 0), ( 0, 0), ( 0, 0), ( 0, 0), ( 0, 0), ( 0, 0), ( 0, 0), ( 0, 0),
   ( 0, 0), ( 0, 0), ( 0, 0), ( 0, 0), ( 0, 0), ( 0, 0), ( 1, 0), ( 0, 0),
   ( 0, 0), ( 0, 0), ( 0, 0), ( 0, 0), ( 0, 0), ( 0, 0), ( 0, 0), ( 0, 0),
   ( 0, 0), ( 0, 0), ( 0, 0), ( 0, 0), ( 0, 0), ( 0, 0), ( 0, 0), ( 0, 0),
   ( 0, 0), ( 0, 0), ( 0, 0), ( 0, 0), ( 0, 0), ( 0, 0), ( 0, 0), ( 0, 0),
   ( 0, 0), ( 0, 0), ( 1, 0), ( 0, 0), ( 1, 0), ( 0, 0), (-1, 0), (-2, 0),
   (-2, 0), (-1, 0), ( 0, 0), (-2, 0), ( 0, 0), (-2, 0), (-1, 0), ( 0, 0),
   ( 0, 0), (-2, 0), (-1, 0), ( 0, 0), ( 0, 0), ( 0, 0), ( 0, 0), ( 0, 0),
   ( 0, 0), ( 0, 0), ( 0, 0), ( 0, 0), ( 0, 0), ( 0, 0), ( 0, 0), ( 0, 0),
   ( 0, 0), ( 0, 0), ( 1, 0), ( 0, 0), ( 0, 0), ( 0, 0), ( 0, 0), ( 0, 0),
   ( 0, 0), ( 0, 0), ( 0, 0), ( 0, 0), ( 0, 0), ( 0, 0), ( 0, 0), ( 0, 0),
   ( 0, 0), ( 0, 0), ( 0, 0), ( 0, 0), ( 0, 0), ( 0, 0), ( 0, 0), ( 0, 0),
   ( 0, 0), ( 0, 0), ( 0, 0), ( 0, 0), ( 0, 0), ( 0, 0), ( 0, 0), ( 0, 0),
   ( 0, 0), ( 0, 0), ( 0, 0), ( 0, 0), ( 0, 0), ( 0, 0), ( 0, 0), ( 0, 0),
   ( 0, 0), ( 0, 0), ( 0, 0), ( 0, 0), ( 0, 0), ( 0, 0), ( 0, 0), ( 0, 0),
   ( 0, 0), ( 0, 0), ( 0, 0));

CreateLayer               Main;
LayerSetImage             Main 'BrianneTod12';
LayerSetAscent            Main 14;
LayerSetCharWidths        Main CharList WidthList;
LayerSetCharWidths        Main (' ') (4);
LayerSetImageMap          Main CharList RectList;
LayerSetCharOffsets       Main CharList OffsetList;
LayerSetAscentPadding     Main 0;
LayerSetLineSpacingOffset Main 0;
LayerSetPointSize         Main 12;

SetDefaultPointSize  12;
