Define CharList
 ( '!', '"', '#', '$', '%', '&',"'", '(', ')', '*', '+', ',', '-', '.', '/', '0',
   '1', '2', '3', '4', '5', '6', '7', '8', '9', ':', ';', '<', '=', '>', '?', '@',
   'A', 'B', 'C', 'D', 'E', 'F', 'G', 'H', 'I', 'J', 'K', 'L', 'M', 'N', 'O', 'P',
   'Q', 'R', 'S', 'T', 'U', 'V', 'W', 'X', 'Y', 'Z', '[','\\', ']', '^', '_', '`',
   'a', 'b', 'c', 'd', 'e', 'f', 'g', 'h', 'i', 'j', 'k', 'l', 'm', 'n', 'o', 'p',
   'q', 'r', 's', 't', 'u', 'v', 'w', 'x', 'y', 'z', '{', '|', '}', '~', '¢', '£',
   '¥', '¨', '©', '«', '®', '°', '´', '·', '¸', '»', '¿', 'À', 'Á', 'Â', 'Ã', 'Ä',
   'Å', 'Æ', 'Ç', 'È', 'É', 'Ê', 'Ë', 'Ì', 'Í', 'Î', 'Ï', 'Ð', 'Ñ', 'Ò', 'Ó', 'Ô',
   'Õ', 'Ö', '×', 'Ø', 'Ù', 'Ú', 'Û', 'Ü', 'Ý', 'Þ', 'ß', 'à', 'á', 'â', 'ã', 'ä',
   'å', 'æ', 'ç', 'è', 'é', 'ê', 'ë', 'ì', 'í', 'î', 'ï', 'ð', 'ñ', 'ò', 'ó', 'ô',
   'õ', 'ö', '÷', 'ø', 'ù', 'ú', 'û', 'ü', 'ý', 'þ', 'ÿ');

Define WidthList
 (  12,  15,  30,  24,  30,  19,   8,  17,  17,  23,  22,  13,  19,  13,  13,  19,
     9,  22,  22,  19,  22,  22,  22,  22,  22,  13,  13,  22,  22,  22,  17,  27,
    24,  27,  27,  22,  26,  24,  30,  26,  11,  24,  28,  26,  28,  24,  26,  23,
    26,  28,  22,  27,  24,  26,  30,  21,  19,  23,  14,  13,  15,  13,  23,   9,
    20,  19,  16,  19,  18,  24,  20,  21,  10,  18,  21,  10,  26,  22,  20,  18,
    19,  20,  18,  20,  20,  18,  22,  18,  20,  18,  22,   7,  22,  22,  16,  26,
    19,  15,  26,  22,  25,  20,   8,  13,  13,  22,  17,  24,  27,  27,  24,  29,
    26,  30,  22,  24,  24,  28,  26,  28,  26,  26,  26,  23,  27,  27,  19,  23,
    21,  24,  24,  28,  31,  27,  33,  24,  26,  36,  21,  20,  18,  18,  20,  20,
    18,  29,  18,  20,  20,  21,  18,  24,  19,  20,  22,  18,  16,  26,  20,  24,
    18,  21,  20,  26,  28,  20,  24,  17,  16,  28,  19);

Define RectList
 ( (   0,  0,  8, 49), (   9,  0, 15, 49), (  25,  0, 31, 49), (  57,  0, 22, 49),
   (  80,  0, 25, 49), ( 106,  0, 14, 49), ( 121,  0,  8, 49), ( 130,  0, 11, 49),
   ( 142,  0, 11, 49), ( 154,  0, 22, 49), ( 177,  0, 18, 49), ( 196,  0,  8, 49),
   ( 205,  0, 18, 49), ( 224,  0,  7, 49), ( 232,  0, 13, 49), ( 246,  0, 19, 49),
   ( 266,  0,  8, 49), ( 275,  0, 21, 49), ( 297,  0, 20, 49), ( 318,  0, 19, 49),
   ( 338,  0, 21, 49), ( 360,  0, 20, 49), ( 381,  0, 20, 49), ( 402,  0, 19, 49),
   ( 422,  0, 19, 49), ( 442,  0,  8, 49), ( 451,  0, 10, 49), ( 462,  0, 20, 49),
   ( 483,  0, 19, 49), ( 503,  0, 20, 49), ( 524,  0, 15, 49), ( 540,  0, 26, 49),
   ( 567,  0, 24, 49), ( 592,  0, 26, 49), ( 619,  0, 25, 49), ( 645,  0, 22, 49),
   ( 668,  0, 27, 49), ( 696,  0, 24, 49), ( 721,  0, 27, 49), ( 749,  0, 24, 49),
   ( 774,  0,  8, 49), ( 783,  0, 23, 49), ( 807,  0, 27, 49), ( 835,  0, 25, 49),
   ( 861,  0, 26, 49), ( 888,  0, 21, 49), ( 910,  0, 25, 49), ( 936,  0, 23, 49),
   ( 960,  0, 26, 49), ( 987,  0, 28, 49), (1016,  0, 22, 49), (1039,  0, 27, 49),
   (1067,  0, 22, 49), (1090,  0, 24, 49), (1115,  0, 28, 49), (1144,  0, 21, 49),
   (1166,  0, 18, 49), (1185,  0, 22, 49), (1208,  0, 14, 49), (1223,  0, 13, 49),
   (1237,  0, 15, 49), (1253,  0, 13, 49), (1267,  0, 18, 49), (1286,  0,  9, 49),
   (1296,  0, 21, 49), (1318,  0, 19, 49), (1338,  0, 16, 49), (1355,  0, 17, 49),
   (1373,  0, 17, 49), (1391,  0, 23, 49), (1415,  0, 19, 49), (1435,  0, 19, 49),
   (1455,  0,  9, 49), (1465,  0, 17, 49), (1483,  0, 21, 49), (1505,  0,  7, 49),
   (1513,  0, 25, 49), (1539,  0, 21, 49), (1561,  0, 19, 49), (1581,  0, 18, 49),
   (1600,  0, 18, 49), (1619,  0, 20, 49), (1640,  0, 17, 49), (1658,  0, 20, 49),
   (1679,  0, 18, 49), (1698,  0, 17, 49), (1716,  0, 21, 49), (1738,  0, 17, 49),
   (1756,  0, 19, 49), (1776,  0, 19, 49), (1796,  0, 15, 49), (1812,  0,  5, 49),
   (1818,  0, 16, 49), (1835,  0, 19, 49), (1855,  0, 22, 49), (1878,  0, 35, 49),
   (1914,  0, 24, 49), (1939,  0, 21, 49), (1961,  0, 25, 49), (1987,  0, 28, 49),
   (2016,  0, 25, 49), (2042,  0, 27, 49), (2070,  0, 12, 49), (2083,  0, 11, 49),
   (2095,  0, 12, 49), (2108,  0, 28, 49), (2137,  0, 21, 49), (2159,  0, 24, 49),
   (2184,  0, 26, 49), (2211,  0, 26, 49), (2238,  0, 24, 49), (2263,  0, 27, 49),
   (2291,  0, 27, 49), (2319,  0, 29, 49), (2349,  0, 20, 49), (2370,  0, 22, 49),
   (2393,  0, 22, 49), (2416,  0, 27, 49), (2444,  0, 24, 49), (2469,  0, 26, 49),
   (2496,  0, 24, 49), (2521,  0, 25, 49), (2547,  0, 22, 49), (2570,  0, 23, 49),
   (2594,  0, 25, 49), (2620,  0, 27, 49), (2648,  0, 18, 49), (2667,  0, 21, 49),
   (2689,  0, 21, 49), (2711,  0, 22, 49), (2734,  0, 22, 49), (2757,  0, 26, 49),
   (2784,  0, 30, 49), (2815,  0, 25, 49), (2841,  0, 32, 49), (2874,  0, 23, 49),
   (2898,  0, 24, 49), (2923,  0, 34, 49), (2958,  0, 19, 49), (2978,  0, 21, 49),
   (3000,  0, 18, 49), (3019,  0, 18, 49), (3038,  0, 20, 49), (3059,  0, 19, 49),
   (3079,  0, 17, 49), (3097,  0, 28, 49), (3126,  0, 18, 49), (3145,  0, 18, 49),
   (3164,  0, 18, 49), (3183,  0, 21, 49), (3205,  0, 17, 49), (3223,  0, 24, 49),
   (3248,  0, 19, 49), (3268,  0, 19, 49), (3288,  0, 20, 49), (3309,  0, 18, 49),
   (3328,  0, 16, 49), (3345,  0, 25, 49), (3371,  0, 19, 49), (3391,  0, 24, 49),
   (3416,  0, 17, 49), (3434,  0, 20, 49), (3455,  0, 18, 49), (3474,  0, 25, 49),
   (3500,  0, 28, 49), (3529,  0, 20, 49), (3550,  0, 24, 49), (3575,  0, 17, 49),
   (3593,  0, 16, 49), (3610,  0, 26, 49), (3637,  0, 19, 49));

Define OffsetList
 ( ( 2, 0), ( 0, 0), (-1, 0), ( 0, 0), ( 5, 0), ( 3, 0), ( 0, 0), ( 5, 0),
   ( 1, 0), ( 0, 0), ( 2, 0), ( 3, 0), ( 0, 0), ( 3, 0), ( 0, 0), ( 0, 0),
   ( 0, 0), ( 1, 0), ( 1, 0), ( 0, 0), ( 0, 0), ( 1, 0), ( 0, 0), ( 1, 0),
   ( 0, 0), ( 2, 0), ( 2, 0), ( 1, 0), ( 1, 0), ( 1, 0), ( 0, 0), ( 0, 0),
   ( 0, 0), ( 0, 0), ( 1, 0), ( 0, 0), ( 0, 0), ( 0, 0), ( 2, 0), ( 0, 0),
   ( 1, 0), ( 0, 0), ( 0, 0), ( 1, 0), ( 1, 0), ( 1, 0), ( 0, 0), ( 0, 0),
   ( 0, 0), ( 0, 0), ( 0, 0), ( 0, 0), ( 1, 0), ( 1, 0), ( 1, 0), ( 0, 0),
   ( 0, 0), ( 0, 0), ( 0, 0), ( 0, 0), (-1, 0), ( 0, 0), ( 2, 0), ( 0, 0),
   ( 0, 0), ( 0, 0), ( 0, 0), ( 1, 0), ( 0, 0), ( 0, 0), ( 0, 0), ( 1, 0),
   ( 0, 0), ( 0, 0), ( 0, 0), ( 1, 0), ( 0, 0), ( 0, 0), ( 1, 0), ( 0, 0),
   ( 0, 0), ( 0, 0), ( 1, 0), ( 0, 0), ( 1, 0), ( 0, 0), ( 0, 0), ( 0, 0),
   ( 0, 0), ( 0, 0), ( 5, 0), ( 1, 0), ( 2, 0), ( 2, 0), (-3, 0), (-4, 0),
   (-3, 0), (-3, 0), ( 0, 0), (-3, 0), ( 0, 0), (-3, 0), (-2, 0), ( 1, 0),
   ( 1, 0), (-3, 0), (-3, 0), ( 0, 0), ( 0, 0), ( 0, 0), ( 0, 0), ( 1, 0),
   ( 0, 0), ( 1, 0), ( 1, 0), ( 1, 0), ( 1, 0), ( 0, 0), ( 1, 0), ( 1, 0),
   ( 0, 0), ( 0, 0), ( 2, 0), ( 0, 0), ( 1, 0), ( 0, 0), ( 0, 0), ( 1, 0),
   ( 0, 0), ( 1, 0), ( 1, 0), ( 1, 0), ( 1, 0), ( 1, 0), ( 0, 0), ( 0, 0),
   ( 1, 0), ( 1, 0), ( 1, 0), ( 0, 0), ( 0, 0), ( 0, 0), ( 0, 0), ( 0, 0),
   ( 0, 0), ( 0, 0), ( 0, 0), ( 1, 0), ( 1, 0), ( 0, 0), ( 0, 0), ( 0, 0),
   ( 0, 0), ( 1, 0), ( 0, 0), ( 0, 0), ( 0, 0), ( 0, 0), ( 0, 0), ( 0, 0),
   ( 0, 0), ( 1, 0), ( 1, 0), ( 0, 0), ( 0, 0), ( 0, 0), ( 0, 0), ( 0, 0),
   ( 0, 0), ( 1, 0), ( 0, 0));

CreateLayer               Main;
LayerSetImage             Main 'BrianneTod32Outline';
LayerSetAscent            Main 39;
LayerSetCharWidths        Main CharList WidthList;
LayerSetCharWidths        Main (' ') (12);
LayerSetImageMap          Main CharList RectList;
LayerSetCharOffsets       Main CharList OffsetList;
LayerSetAscentPadding     Main 0;
LayerSetLineSpacingOffset Main 0;
LayerSetPointSize         Main 32;

SetDefaultPointSize  32;
