Define CharList
 ( '!', '"', '#', '$', '%', '&',"'", '(', ')', '*', '+', ',', '-', '.', '/', '0',
   '1', '2', '3', '4', '5', '6', '7', '8', '9', ':', ';', '<', '=', '>', '?', '@',
   'A', 'B', 'C', 'D', 'E', 'F', 'G', 'H', 'I', 'J', 'K', 'L', 'M', 'N', 'O', 'P',
   'Q', 'R', 'S', 'T', 'U', 'V', 'W', 'X', 'Y', 'Z', '[','\\', ']', '^', '_', '`',
   'a', 'b', 'c', 'd', 'e', 'f', 'g', 'h', 'i', 'j', 'k', 'l', 'm', 'n', 'o', 'p',
   'q', 'r', 's', 't', 'u', 'v', 'w', 'x', 'y', 'z', '{', '|', '}', '~', '¢', '£',
   '¥', '¨', '©', '«', '®', '°', '´', '·', '¸', '»', '¿', 'À', 'Á', 'Â', 'Ã', 'Ä',
   'Å', 'Æ', 'Ç', 'È', 'É', 'Ê', 'Ë', 'Ì', 'Í', 'Î', 'Ï', 'Ð', 'Ñ', 'Ò', 'Ó', 'Ô',
   'Õ', 'Ö', '×', 'Ø', 'Ù', 'Ú', 'Û', 'Ü', 'Ý', 'Þ', 'ß', 'à', 'á', 'â', 'ã', 'ä',
   'å', 'æ', 'ç', 'è', 'é', 'ê', 'ë', 'ì', 'í', 'î', 'ï', 'ð', 'ñ', 'ò', 'ó', 'ô',
   'õ', 'ö', '÷', 'ø', 'ù', 'ú', 'û', 'ü', 'ý', 'þ', 'ÿ');

Define WidthList
 (   5,   7,  14,  11,  14,   9,   4,   8,   8,  11,  10,   6,   9,   6,   6,   9,
     4,  10,  10,   9,  10,  10,  10,  10,  10,   6,   6,  10,  10,  10,   8,  13,
    11,  12,  13,  10,  12,  11,  14,  12,   5,  11,  13,  12,  13,  11,  12,  11,
    12,  13,  10,  13,  11,  12,  14,  10,   9,  11,   6,   6,   7,   6,  11,   4,
     9,   9,   7,   9,   8,  11,   9,  10,   5,   8,  10,   4,  12,  10,   9,   8,
     9,   9,   8,   9,   9,   8,  10,   8,   9,   9,  10,   3,  10,  10,   7,  12,
     9,   7,  12,  10,  12,   9,   4,   6,   6,  10,   8,  11,  12,  12,  11,  14,
    12,  14,  10,  11,  11,  13,  12,  13,  12,  12,  12,  11,  13,  13,   9,  11,
    10,  11,  11,  13,  15,  13,  16,  11,  12,  17,  10,   9,   8,   8,   9,   9,
     8,  14,   8,   9,   9,  10,   8,  11,   9,   9,  10,   8,   7,  12,   9,  11,
     8,  10,   9,  12,  13,   9,  11,   8,   7,  13,   9);

Define RectList
 ( (   0,  0,  4, 24), (   5,  0,  7, 24), (  13,  0, 14, 24), (  28,  0, 10, 24),
   (  39,  0, 12, 24), (  52,  0,  7, 24), (  60,  0,  3, 24), (  64,  0,  5, 24),
   (  70,  0,  6, 24), (  77,  0, 10, 24), (  88,  0,  8, 24), (  97,  0,  4, 24),
   ( 102,  0,  9, 24), ( 112,  0,  3, 24), ( 116,  0,  6, 24), ( 123,  0,  9, 24),
   ( 133,  0,  4, 24), ( 138,  0,  9, 24), ( 148,  0, 10, 24), ( 159,  0,  9, 24),
   ( 169,  0, 10, 24), ( 180,  0,  9, 24), ( 190,  0, 10, 24), ( 201,  0, 10, 24),
   ( 212,  0,  9, 24), ( 222,  0,  4, 24), ( 227,  0,  4, 24), ( 232,  0,  9, 24),
   ( 242,  0,  9, 24), ( 252,  0,  9, 24), ( 262,  0,  7, 24), ( 270,  0, 12, 24),
   ( 283,  0, 12, 24), ( 296,  0, 12, 24), ( 309,  0, 13, 24), ( 323,  0, 10, 24),
   ( 334,  0, 13, 24), ( 348,  0, 11, 24), ( 360,  0, 13, 24), ( 374,  0, 12, 24),
   ( 387,  0,  4, 24), ( 392,  0, 11, 24), ( 404,  0, 13, 24), ( 418,  0, 12, 24),
   ( 431,  0, 13, 24), ( 445,  0, 10, 24), ( 456,  0, 12, 24), ( 469,  0, 11, 24),
   ( 481,  0, 12, 24), ( 494,  0, 13, 24), ( 508,  0, 10, 24), ( 519,  0, 13, 24),
   ( 533,  0, 11, 24), ( 545,  0, 12, 24), ( 558,  0, 14, 24), ( 573,  0, 10, 24),
   ( 584,  0,  9, 24), ( 594,  0, 11, 24), ( 606,  0,  6, 24), ( 613,  0,  6, 24),
   ( 620,  0,  7, 24), ( 628,  0,  6, 24), ( 635,  0,  9, 24), ( 645,  0,  4, 24),
   ( 650,  0, 10, 24), ( 661,  0,  9, 24), ( 671,  0,  7, 24), ( 679,  0,  8, 24),
   ( 688,  0,  8, 24), ( 697,  0, 11, 24), ( 709,  0,  9, 24), ( 719,  0, 10, 24),
   ( 730,  0,  4, 24), ( 735,  0,  8, 24), ( 744,  0, 10, 24), ( 755,  0,  4, 24),
   ( 760,  0, 12, 24), ( 773,  0, 10, 24), ( 784,  0,  9, 24), ( 794,  0,  8, 24),
   ( 803,  0,  8, 24), ( 812,  0,  9, 24), ( 822,  0,  9, 24), ( 832,  0,  9, 24),
   ( 842,  0,  9, 24), ( 852,  0,  8, 24), ( 861,  0, 10, 24), ( 872,  0,  8, 24),
   ( 881,  0,  9, 24), ( 891,  0,  9, 24), ( 901,  0,  7, 24), ( 909,  0,  3, 24),
   ( 913,  0,  7, 24), ( 921,  0,  9, 24), ( 931,  0, 11, 24), ( 943,  0, 16, 24),
   ( 960,  0, 13, 24), ( 974,  0, 11, 24), ( 986,  0, 12, 24), ( 999,  0, 13, 24),
   (1013,  0, 12, 24), (1026,  0, 13, 24), (1040,  0,  5, 24), (1046,  0,  5, 24),
   (1052,  0,  6, 24), (1059,  0, 13, 24), (1073,  0, 11, 24), (1085,  0, 12, 24),
   (1098,  0, 12, 24), (1111,  0, 12, 24), (1124,  0, 11, 24), (1136,  0, 13, 24),
   (1150,  0, 13, 24), (1164,  0, 14, 24), (1179,  0, 10, 24), (1190,  0, 11, 24),
   (1202,  0, 11, 24), (1214,  0, 13, 24), (1228,  0, 12, 24), (1241,  0, 13, 24),
   (1255,  0, 12, 24), (1268,  0, 12, 24), (1281,  0, 11, 24), (1293,  0, 11, 24),
   (1305,  0, 13, 24), (1319,  0, 13, 24), (1333,  0,  9, 24), (1343,  0, 10, 24),
   (1354,  0, 10, 24), (1365,  0, 11, 24), (1377,  0, 11, 24), (1389,  0, 13, 24),
   (1403,  0, 15, 24), (1419,  0, 12, 24), (1432,  0, 15, 24), (1448,  0, 11, 24),
   (1460,  0, 12, 24), (1473,  0, 17, 24), (1491,  0,  9, 24), (1501,  0, 10, 24),
   (1512,  0,  8, 24), (1521,  0,  8, 24), (1530,  0,  9, 24), (1540,  0,  9, 24),
   (1550,  0,  8, 24), (1559,  0, 14, 24), (1574,  0,  8, 24), (1583,  0,  9, 24),
   (1593,  0,  9, 24), (1603,  0, 10, 24), (1614,  0,  8, 24), (1623,  0, 12, 24),
   (1636,  0,  9, 24), (1646,  0,  9, 24), (1656,  0, 10, 24), (1667,  0,  8, 24),
   (1676,  0,  7, 24), (1684,  0, 12, 24), (1697,  0,  9, 24), (1707,  0, 12, 24),
   (1720,  0,  8, 24), (1729,  0, 10, 24), (1740,  0,  9, 24), (1750,  0, 12, 24),
   (1763,  0, 14, 24), (1778,  0, 10, 24), (1789,  0, 11, 24), (1801,  0,  8, 24),
   (1810,  0,  7, 24), (1818,  0, 13, 24), (1832,  0,  9, 24));

Define OffsetList
 ( ( 1, 0), ( 0, 0), ( 0, 0), ( 0, 0), ( 2, 0), ( 1, 0), ( 0, 0), ( 2, 0),
   ( 0, 0), ( 0, 0), ( 1, 0), ( 1, 0), ( 0, 0), ( 1, 0), ( 0, 0), ( 0, 0),
   ( 0, 0), ( 1, 0), ( 0, 0), ( 0, 0), ( 0, 0), ( 1, 0), ( 0, 0), ( 0, 0),
   ( 0, 0), ( 1, 0), ( 1, 0), ( 1, 0), ( 0, 0), ( 1, 0), ( 0, 0), ( 0, 0),
   ( 0, 0), ( 0, 0), ( 0, 0), ( 0, 0), ( 0, 0), ( 0, 0), ( 1, 0), ( 0, 0),
   ( 0, 0), ( 0, 0), ( 0, 0), ( 0, 0), ( 0, 0), ( 0, 0), ( 0, 0), ( 0, 0),
   ( 0, 0), ( 0, 0), ( 0, 0), ( 0, 0), ( 0, 0), ( 0, 0), ( 0, 0), ( 0, 0),
   ( 0, 0), ( 0, 0), ( 0, 0), ( 0, 0), ( 0, 0), ( 0, 0), ( 1, 0), ( 0, 0),
   ( 0, 0), ( 0, 0), ( 0, 0), ( 0, 0), ( 0, 0), ( 0, 0), ( 0, 0), ( 0, 0),
   ( 0, 0), ( 0, 0), ( 0, 0), ( 0, 0), ( 0, 0), ( 0, 0), ( 0, 0), ( 0, 0),
   ( 0, 0), ( 0, 0), ( 0, 0), ( 0, 0), ( 0, 0), ( 0, 0), ( 0, 0), ( 0, 0),
   ( 0, 0), ( 0, 0), ( 2, 0), ( 0, 0), ( 1, 0), ( 1, 0), (-2, 0), (-2, 0),
   (-2, 0), (-2, 0), ( 0, 0), (-1, 0), ( 0, 0), (-2, 0), (-1, 0), ( 0, 0),
   ( 0, 0), (-1, 0), (-2, 0), ( 0, 0), ( 0, 0), ( 0, 0), ( 0, 0), ( 0, 0),
   ( 0, 0), ( 0, 0), ( 0, 0), ( 0, 0), ( 0, 0), ( 0, 0), ( 0, 0), ( 0, 0),
   ( 0, 0), ( 0, 0), ( 1, 0), ( 0, 0), ( 0, 0), ( 0, 0), ( 0, 0), ( 0, 0),
   ( 0, 0), ( 0, 0), ( 0, 0), ( 0, 0), ( 0, 0), ( 0, 0), ( 0, 0), ( 0, 0),
   ( 0, 0), ( 0, 0), ( 0, 0), ( 0, 0), ( 0, 0), ( 0, 0), ( 0, 0), ( 0, 0),
   ( 0, 0), ( 0, 0), ( 0, 0), ( 0, 0), ( 0, 0), ( 0, 0), ( 0, 0), ( 0, 0),
   ( 0, 0), ( 0, 0), ( 0, 0), ( 0, 0), ( 0, 0), ( 0, 0), ( 0, 0), ( 0, 0),
   ( 0, 0), ( 0, 0), ( 0, 0), ( 0, 0), ( 0, 0), ( 0, 0), ( 0, 0), ( 0, 0),
   ( 0, 0), ( 0, 0), ( 0, 0));

CreateLayer               Main;
LayerSetImage             Main 'BrianneTod16';
LayerSetAscent            Main 19;
LayerSetCharWidths        Main CharList WidthList;
LayerSetCharWidths        Main (' ') (5);
LayerSetImageMap          Main CharList RectList;
LayerSetCharOffsets       Main CharList OffsetList;
LayerSetAscentPadding     Main 0;
LayerSetLineSpacingOffset Main 0;
LayerSetPointSize         Main 16;

SetDefaultPointSize  16;
