Define CharMapFrom ( ' ' );
Define CharMapTo ( ' ' );
SetCharMap CharMapFrom CharMapTo;

Define CharList0
 ( '¨', '£', 'À', 'Á', 'Â', 'Ã', 'Ä', 'Å', 'Æ', 'Ç', 'È', 'É', 'Ê', 'Ë', 'Ì', 'Í'
   'Î', 'Ï', 'Ð', ' ', '!', 'Ñ', '\"', 'Ò', '#', 'Ó', '$', 'Ô', '%', 'Õ', '&', 'Ö'
   '\'', '×', '(', 'Ø', ')', 'Ù', '*', 'Ú', '+', 'Û', ',', 'Ü', '-', 'Ý', '.', 'Þ'
   '/', 'ß', '0', 'à', '1', 'á', '2', 'â', '3', 'ã', '4', 'ä', '5', 'å', '6', 'æ'
   '7', 'ç', '8', 'è', '9', 'é', ':', 'ê', ';', 'ë', '<', 'ì', '=', 'í', '>', 'î'
   '?', 'ï', '@', 'ð', 'A', 'ñ', 'B', 'ò', 'C', 'ó', 'D', 'ô', 'E', 'õ', 'F', 'ö'
   'G', '÷', 'H', 'ø', 'I', 'ù', 'J', 'ú', 'K', 'û', 'L', 'ü', 'M', 'ý', 'N', 'þ'
   'O', 'ÿ', 'P', 'Q', '¸', 'R', 'S', 'T', 'U', 'V', 'W', '¿', 'X', 'Y', 'Z', '['
   '\\', ']', '^', '¢', '_', '`', 'a', 'b', 'c', 'd', 'e', 'f', 'g', 'h', 'i', 'j'
   'k', 'l', 'm', 'n', 'o', 'p', 'q', 'r', 's', 't', 'u', 'v', 'w', 'x', 'y', 'z'
   '{', '|', '}', '~', '¥', '´', '©', '«', '®', '°', '·', '»' );

Define WidthList0
 (  12,  12,  16,  13,  13,  12,  17,  12,  18,  11,  16,  16,  15,  16,  22,  16
    16,  17,  13,  10,   5,  14,  12,  14,  10,  16,   9,  17,  12,  19,   9,  16
     3,  16,   5,  22,   5,  22,   7,  14,   9,  19,   6,  12,   8,  14,   6,  23
     8,  14,  11,  12,   7,  10,  12,  10,  11,   9,  13,  14,  11,   9,  12,  14
    12,   8,  11,  12,  11,  12,   6,  11,   6,  12,   8,  16,  11,  12,   8,  12
     9,  12,  17,  10,  16,  10,  13,  11,  14,  13,  13,  13,  12,  14,  12,  12
    14,  12,  16,  17,   8,  17,   8,  11,  15,  15,  12,   9,  22,  10,  17,  17
    16,  11,  13,  16,  12,  14,  11,  14,  16,  16,  24,  12,  19,  16,  14,   5
     8,   6,   6,  12,   8,   3,  12,  10,  10,  10,   9,   9,  11,  12,   6,   6
    11,   9,  16,  12,  12,  10,  14,  11,   8,  11,  12,  12,  18,  14,  13,  10
     7,   3,   7,  11,  12,  12,  12,  12,  12,  12,  12,  12 );

Define RectList0
 ( ( 86, 301, 43, 43), (129, 301, 43, 43), (172, 301, 43, 43), (215, 301, 43, 43)
   (258, 301, 43, 43), (301, 301, 43, 43), (344, 301, 43, 43), (387, 301, 43, 43)
   (430, 301, 43, 43), (473, 301, 43, 43), (516, 301, 43, 43), (559, 301, 43, 43)
   (  0, 344, 43, 43), ( 43, 344, 43, 43), ( 86, 344, 43, 43), (129, 344, 43, 43)
   (172, 344, 43, 43), (215, 344, 43, 43), (258, 344, 43, 43), (  0,   0,  0,  0)
   (  0,   0, 43, 43), (301, 344, 43, 43), ( 43,   0, 43, 43), (344, 344, 43, 43)
   ( 86,   0, 43, 43), (387, 344, 43, 43), (129,   0, 43, 43), (430, 344, 43, 43)
   (172,   0, 43, 43), (473, 344, 43, 43), (215,   0, 43, 43), (516, 344, 43, 43)
   (258,   0, 43, 43), (559, 344, 43, 43), (301,   0, 43, 43), (  0, 387, 43, 43)
   (344,   0, 43, 43), ( 43, 387, 43, 43), (387,   0, 43, 43), ( 86, 387, 43, 43)
   (430,   0, 43, 43), (129, 387, 43, 43), (473,   0, 43, 43), (172, 387, 43, 43)
   (516,   0, 43, 43), (215, 387, 43, 43), (559,   0, 43, 43), (258, 387, 43, 43)
   (  0,  43, 43, 43), (301, 387, 43, 43), ( 43,  43, 43, 43), (344, 387, 43, 43)
   ( 86,  43, 43, 43), (387, 387, 43, 43), (129,  43, 43, 43), (430, 387, 43, 43)
   (172,  43, 43, 43), (473, 387, 43, 43), (215,  43, 43, 43), (516, 387, 43, 43)
   (258,  43, 43, 43), (559, 387, 43, 43), (301,  43, 43, 43), (  0, 430, 43, 43)
   (344,  43, 43, 43), ( 43, 430, 43, 43), (387,  43, 43, 43), ( 86, 430, 43, 43)
   (430,  43, 43, 43), (129, 430, 43, 43), (473,  43, 43, 43), (172, 430, 43, 43)
   (516,  43, 43, 43), (215, 430, 43, 43), (559,  43, 43, 43), (258, 430, 43, 43)
   (  0,  86, 43, 43), (301, 430, 43, 43), ( 43,  86, 43, 43), (344, 430, 43, 43)
   ( 86,  86, 43, 43), (387, 430, 43, 43), (129,  86, 43, 43), (430, 430, 43, 43)
   (172,  86, 43, 43), (473, 430, 43, 43), (215,  86, 43, 43), (516, 430, 43, 43)
   (258,  86, 43, 43), (559, 430, 43, 43), (301,  86, 43, 43), (  0, 473, 43, 43)
   (344,  86, 43, 43), ( 43, 473, 43, 43), (387,  86, 43, 43), ( 86, 473, 43, 43)
   (430,  86, 43, 43), (129, 473, 43, 43), (473,  86, 43, 43), (172, 473, 43, 43)
   (516,  86, 43, 43), (215, 473, 43, 43), (559,  86, 43, 43), (258, 473, 43, 43)
   (  0, 129, 43, 43), (301, 473, 43, 43), ( 43, 129, 43, 43), (344, 473, 43, 43)
   ( 86, 129, 43, 43), (387, 473, 43, 43), (129, 129, 43, 43), (430, 473, 43, 43)
   (172, 129, 43, 43), (473, 473, 43, 43), (215, 129, 43, 43), (258, 129, 43, 43)
   (516, 473, 43, 43), (301, 129, 43, 43), (344, 129, 43, 43), (387, 129, 43, 43)
   (430, 129, 43, 43), (473, 129, 43, 43), (516, 129, 43, 43), (559, 473, 43, 43)
   (559, 129, 43, 43), (  0, 172, 43, 43), ( 43, 172, 43, 43), ( 86, 172, 43, 43)
   (129, 172, 43, 43), (172, 172, 43, 43), (215, 172, 43, 43), (  0, 516, 43, 43)
   (258, 172, 43, 43), (301, 172, 43, 43), (344, 172, 43, 43), (387, 172, 43, 43)
   (430, 172, 43, 43), (473, 172, 43, 43), (516, 172, 43, 43), (559, 172, 43, 43)
   (  0, 215, 43, 43), ( 43, 215, 43, 43), ( 86, 215, 43, 43), (129, 215, 43, 43)
   (172, 215, 43, 43), (215, 215, 43, 43), (258, 215, 43, 43), (301, 215, 43, 43)
   (344, 215, 43, 43), (387, 215, 43, 43), (430, 215, 43, 43), (473, 215, 43, 43)
   (516, 215, 43, 43), (559, 215, 43, 43), (  0, 258, 43, 43), ( 43, 258, 43, 43)
   ( 86, 258, 43, 43), (129, 258, 43, 43), (172, 258, 43, 43), (215, 258, 43, 43)
   (258, 258, 43, 43), (301, 258, 43, 43), (344, 258, 43, 43), (387, 258, 43, 43)
   ( 43, 516, 43, 43), ( 86, 516, 43, 43), (430, 258, 43, 43), (473, 258, 43, 43)
   (516, 258, 43, 43), (559, 258, 43, 43), (  0, 301, 43, 43), ( 43, 301, 43, 43) );

Define OffsetList0
 ( (-15, -7), (-15, -7), (-13, -7), (-15, -7), (-15, -7), (-15, -7), (-13, -7), (-15, -7)
   (-12, -7), (-16, -7), (-13, -7), (-13, -7), (-14, -7), (-13, -7), (-10, -7), (-13, -7)
   (-13, -7), (-13, -7), (-15, -7), (0, 0), (-19, -7), (-14, -7), (-15, -7), (-14, -7)
   (-16, -7), (-13, -7), (-17, -7), (-13, -7), (-15, -7), (-12, -7), (-17, -7), (-13, -7)
   (-20, -7), (-13, -7), (-19, -7), (-10, -7), (-19, -7), (-10, -7), (-18, -7), (-14, -7)
   (-17, -7), (-12, -7), (-18, -7), (-15, -7), (-17, -7), (-14, -7), (-18, -7), (-10, -7)
   (-17, -7), (-14, -7), (-16, -7), (-15, -7), (-18, -7), (-16, -7), (-15, -7), (-16, -7)
   (-16, -7), (-17, -7), (-15, -7), (-14, -7), (-16, -7), (-17, -7), (-15, -7), (-14, -7)
   (-15, -7), (-17, -7), (-16, -7), (-15, -7), (-16, -7), (-15, -7), (-18, -7), (-16, -7)
   (-18, -7), (-15, -7), (-17, -7), (-13, -7), (-16, -7), (-15, -7), (-17, -7), (-15, -7)
   (-17, -7), (-15, -7), (-13, -7), (-16, -7), (-13, -7), (-16, -7), (-15, -7), (-16, -7)
   (-14, -7), (-15, -7), (-15, -7), (-15, -7), (-15, -7), (-14, -7), (-15, -7), (-15, -7)
   (-14, -7), (-15, -7), (-13, -7), (-13, -7), (-17, -7), (-13, -7), (-17, -7), (-16, -7)
   (-14, -7), (-14, -7), (-15, -7), (-17, -7), (-10, -7), (-16, -7), (-13, -7), (-13, -7)
   (-13, -7), (-16, -7), (-15, -7), (-13, -7), (-15, -7), (-14, -7), (-16, -7), (-14, -7)
   (-13, -7), (-13, -7), (-9, -7), (-15, -7), (-12, -7), (-13, -7), (-14, -7), (-19, -7)
   (-17, -7), (-18, -7), (-18, -7), (-15, -7), (-17, -7), (-20, -7), (-15, -7), (-16, -7)
   (-16, -7), (-16, -7), (-17, -7), (-17, -7), (-16, -7), (-15, -7), (-18, -7), (-18, -7)
   (-16, -7), (-17, -7), (-13, -7), (-15, -7), (-15, -7), (-16, -7), (-14, -7), (-16, -7)
   (-17, -7), (-16, -7), (-15, -7), (-15, -7), (-12, -7), (-14, -7), (-15, -7), (-16, -7)
   (-18, -7), (-20, -7), (-18, -7), (-16, -7), (-15, -7), (-15, -7), (-15, -7), (-15, -7)
   (-15, -7), (-15, -7), (-15, -7), (-15, -7) );

Define ExInfoKeys0
 ( "sfb.bold", "sfb.boxsize", "sfb.face", "sfb.italics", "sfb.linespacing"
   "sfb.quality", "sfb.script", "sfb.size", "sfb.text", "sfb.underline" );

Define ExInfoValues0
 ( "0", "0", "Dwarven Todcraft", "0", "0"
   "62128128", "204", "18", "!\"#$%&\'()*+,-./0123456789:;<=>?@ABCDEFGHIJKLMNOPQRSTUVWXYZ[\\]^_`abcdefghijklmnopqrstuvwxyz{|}~©«®°·»¨£ÀÁÂÃÄÅÆÇÈÉÊËÌÍÎÏÐÑÒÓÔÕÖ×ØÙÚÛÜÝÞßàáâãäåæçèéêëìíîïðñòóôõö÷øùúûüýþÿ¸¿¢¥´", "0" );

CreateLayer               Main;
LayerSetImage             Main 'DwarvenTodcraft18Yellow_layer0';
LayerSetBaseOrder         Main 0;
LayerSetAscent            Main 26;
LayerSetHeight            Main 29;
LayerSetCharWidths        Main CharList0 WidthList0;
LayerSetImageMap          Main CharList0 RectList0;
LayerSetCharOffsets       Main CharList0 OffsetList0;
LayerSetPointSize         Main 18;
LayerSetExInfo            Main ExInfoKeys0 ExInfoValues0;
LayerSetAlphaCorrection   Main 1;

SetDefaultPointSize       18;
