Define CharMapFrom ( ' ' );
Define CharMapTo ( ' ' );
SetCharMap CharMapFrom CharMapTo;

Define CharList0
 ( '¨', '£', 'À', 'Á', 'Â', 'Ã', 'Ä', 'Å', 'Æ', 'Ç', 'È', 'É', 'Ê', 'Ë', 'Ì', 'Í'
   'Î', 'Ï', 'Ð', ' ', '!', 'Ñ', '\"', 'Ò', '#', 'Ó', '$', 'Ô', '%', 'Õ', '&', 'Ö'
   '\'', '×', '(', 'Ø', ')', 'Ù', '*', 'Ú', '+', 'Û', ',', 'Ü', '-', 'Ý', '.', 'Þ'
   '/', 'ß', '0', 'à', '1', 'á', '2', 'â', '3', 'ã', '4', 'ä', '5', 'å', '6', 'æ'
   '7', 'ç', '8', 'è', '9', 'é', ':', 'ê', ';', 'ë', '<', 'ì', '=', 'í', '>', 'î'
   '?', 'ï', '@', 'ð', 'A', 'ñ', 'B', 'ò', 'C', 'ó', 'D', 'ô', 'E', 'õ', 'F', 'ö'
   'G', '÷', 'H', 'ø', 'I', 'ù', 'J', 'ú', 'K', 'û', 'L', 'ü', 'M', 'ý', 'N', 'þ'
   'O', 'ÿ', 'P', 'Q', '¸', 'R', 'S', 'T', 'U', 'V', 'W', '¿', 'X', 'Y', 'Z', '['
   '\\', ']', '^', '¢', '_', '`', 'a', 'b', 'c', 'd', 'e', 'f', 'g', 'h', 'i', 'j'
   'k', 'l', 'm', 'n', 'o', 'p', 'q', 'r', 's', 't', 'u', 'v', 'w', 'x', 'y', 'z'
   '{', '|', '}', '~', '¥', '´', '©', '«', '®', '°', '·', '»' );

Define WidthList0
 (  10,  10,  13,  11,  11,  10,  14,  10,  15,   9,  13,  13,  12,  13,  18,  13
    13,  14,  11,   8,   4,  12,  10,  12,   9,  14,   7,  14,  10,  15,   8,  13
     3,  13,   4,  18,   4,  18,   6,  12,   8,  16,   5,  10,   7,  12,   5,  19
     7,  12,   9,  10,   6,   8,  10,   8,   9,   7,  11,  11,   9,   7,  10,  12
    10,   7,   9,  10,   9,  10,   5,   9,   5,  10,   7,  13,   9,  10,   6,  10
     8,  10,  14,   8,  13,   9,  11,   9,  12,  10,  11,  11,  10,  11,  10,  10
    12,  10,  13,  14,   7,  14,   7,   9,  12,  12,  10,   8,  18,   9,  14,  14
    13,   9,  11,  13,  10,  12,   9,  12,  13,  13,  20,  10,  15,  14,  12,   4
     7,   5,   5,  10,   6,   3,  10,   8,   9,   8,   7,   7,   9,  10,   5,   5
     9,   7,  13,  10,  10,   8,  12,   9,   7,   9,  10,  10,  15,  11,  11,   9
     5,   3,   6,   9,  10,  10,  10,  10,  10,  10,  10,  10 );

Define RectList0
 ( ( 68, 238, 34, 34), (102, 238, 34, 34), (136, 238, 34, 34), (170, 238, 34, 34)
   (204, 238, 34, 34), (238, 238, 34, 34), (272, 238, 34, 34), (306, 238, 34, 34)
   (340, 238, 34, 34), (374, 238, 34, 34), (408, 238, 34, 34), (442, 238, 34, 34)
   (  0, 272, 34, 34), ( 34, 272, 34, 34), ( 68, 272, 34, 34), (102, 272, 34, 34)
   (136, 272, 34, 34), (170, 272, 34, 34), (204, 272, 34, 34), (  0,   0,  0,  0)
   (  0,   0, 34, 34), (238, 272, 34, 34), ( 34,   0, 34, 34), (272, 272, 34, 34)
   ( 68,   0, 34, 34), (306, 272, 34, 34), (102,   0, 34, 34), (340, 272, 34, 34)
   (136,   0, 34, 34), (374, 272, 34, 34), (170,   0, 34, 34), (408, 272, 34, 34)
   (204,   0, 34, 34), (442, 272, 34, 34), (238,   0, 34, 34), (  0, 306, 34, 34)
   (272,   0, 34, 34), ( 34, 306, 34, 34), (306,   0, 34, 34), ( 68, 306, 34, 34)
   (340,   0, 34, 34), (102, 306, 34, 34), (374,   0, 34, 34), (136, 306, 34, 34)
   (408,   0, 34, 34), (170, 306, 34, 34), (442,   0, 34, 34), (204, 306, 34, 34)
   (  0,  34, 34, 34), (238, 306, 34, 34), ( 34,  34, 34, 34), (272, 306, 34, 34)
   ( 68,  34, 34, 34), (306, 306, 34, 34), (102,  34, 34, 34), (340, 306, 34, 34)
   (136,  34, 34, 34), (374, 306, 34, 34), (170,  34, 34, 34), (408, 306, 34, 34)
   (204,  34, 34, 34), (442, 306, 34, 34), (238,  34, 34, 34), (  0, 340, 34, 34)
   (272,  34, 34, 34), ( 34, 340, 34, 34), (306,  34, 34, 34), ( 68, 340, 34, 34)
   (340,  34, 34, 34), (102, 340, 34, 34), (374,  34, 34, 34), (136, 340, 34, 34)
   (408,  34, 34, 34), (170, 340, 34, 34), (442,  34, 34, 34), (204, 340, 34, 34)
   (  0,  68, 34, 34), (238, 340, 34, 34), ( 34,  68, 34, 34), (272, 340, 34, 34)
   ( 68,  68, 34, 34), (306, 340, 34, 34), (102,  68, 34, 34), (340, 340, 34, 34)
   (136,  68, 34, 34), (374, 340, 34, 34), (170,  68, 34, 34), (408, 340, 34, 34)
   (204,  68, 34, 34), (442, 340, 34, 34), (238,  68, 34, 34), (  0, 374, 34, 34)
   (272,  68, 34, 34), ( 34, 374, 34, 34), (306,  68, 34, 34), ( 68, 374, 34, 34)
   (340,  68, 34, 34), (102, 374, 34, 34), (374,  68, 34, 34), (136, 374, 34, 34)
   (408,  68, 34, 34), (170, 374, 34, 34), (442,  68, 34, 34), (204, 374, 34, 34)
   (  0, 102, 34, 34), (238, 374, 34, 34), ( 34, 102, 34, 34), (272, 374, 34, 34)
   ( 68, 102, 34, 34), (306, 374, 34, 34), (102, 102, 34, 34), (340, 374, 34, 34)
   (136, 102, 34, 34), (374, 374, 34, 34), (170, 102, 34, 34), (204, 102, 34, 34)
   (408, 374, 34, 34), (238, 102, 34, 34), (272, 102, 34, 34), (306, 102, 34, 34)
   (340, 102, 34, 34), (374, 102, 34, 34), (408, 102, 34, 34), (442, 374, 34, 34)
   (442, 102, 34, 34), (  0, 136, 34, 34), ( 34, 136, 34, 34), ( 68, 136, 34, 34)
   (102, 136, 34, 34), (136, 136, 34, 34), (170, 136, 34, 34), (  0, 408, 34, 34)
   (204, 136, 34, 34), (238, 136, 34, 34), (272, 136, 34, 34), (306, 136, 34, 34)
   (340, 136, 34, 34), (374, 136, 34, 34), (408, 136, 34, 34), (442, 136, 34, 34)
   (  0, 170, 34, 34), ( 34, 170, 34, 34), ( 68, 170, 34, 34), (102, 170, 34, 34)
   (136, 170, 34, 34), (170, 170, 34, 34), (204, 170, 34, 34), (238, 170, 34, 34)
   (272, 170, 34, 34), (306, 170, 34, 34), (340, 170, 34, 34), (374, 170, 34, 34)
   (408, 170, 34, 34), (442, 170, 34, 34), (  0, 204, 34, 34), ( 34, 204, 34, 34)
   ( 68, 204, 34, 34), (102, 204, 34, 34), (136, 204, 34, 34), (170, 204, 34, 34)
   (204, 204, 34, 34), (238, 204, 34, 34), (272, 204, 34, 34), (306, 204, 34, 34)
   ( 34, 408, 34, 34), ( 68, 408, 34, 34), (340, 204, 34, 34), (374, 204, 34, 34)
   (408, 204, 34, 34), (442, 204, 34, 34), (  0, 238, 34, 34), ( 34, 238, 34, 34) );

Define OffsetList0
 ( (-12, -5), (-12, -5), (-10, -5), (-11, -5), (-11, -5), (-12, -5), (-10, -5), (-12, -5)
   (-9, -5), (-12, -5), (-10, -5), (-10, -5), (-11, -5), (-10, -5), (-8, -5), (-10, -5)
   (-10, -5), (-10, -5), (-11, -5), (0, 0), (-15, -5), (-11, -5), (-12, -5), (-11, -5)
   (-12, -5), (-10, -5), (-13, -5), (-10, -5), (-12, -5), (-9, -5), (-13, -5), (-10, -5)
   (-15, -5), (-10, -5), (-15, -5), (-8, -5), (-15, -5), (-8, -5), (-14, -5), (-11, -5)
   (-13, -5), (-9, -5), (-14, -5), (-12, -5), (-13, -5), (-11, -5), (-14, -5), (-7, -5)
   (-13, -5), (-11, -5), (-12, -5), (-12, -5), (-14, -5), (-13, -5), (-12, -5), (-13, -5)
   (-12, -5), (-13, -5), (-11, -5), (-11, -5), (-12, -5), (-13, -5), (-12, -5), (-11, -5)
   (-12, -5), (-13, -5), (-12, -5), (-12, -5), (-12, -5), (-12, -5), (-14, -5), (-12, -5)
   (-14, -5), (-12, -5), (-13, -5), (-10, -5), (-12, -5), (-12, -5), (-14, -5), (-12, -5)
   (-13, -5), (-12, -5), (-10, -5), (-13, -5), (-10, -5), (-12, -5), (-11, -5), (-12, -5)
   (-11, -5), (-12, -5), (-11, -5), (-11, -5), (-12, -5), (-11, -5), (-12, -5), (-12, -5)
   (-11, -5), (-12, -5), (-10, -5), (-10, -5), (-13, -5), (-10, -5), (-13, -5), (-12, -5)
   (-11, -5), (-11, -5), (-12, -5), (-13, -5), (-8, -5), (-12, -5), (-10, -5), (-10, -5)
   (-10, -5), (-12, -5), (-11, -5), (-10, -5), (-12, -5), (-11, -5), (-12, -5), (-11, -5)
   (-10, -5), (-10, -5), (-7, -5), (-12, -5), (-9, -5), (-10, -5), (-11, -5), (-15, -5)
   (-13, -5), (-14, -5), (-14, -5), (-12, -5), (-14, -5), (-15, -5), (-12, -5), (-13, -5)
   (-12, -5), (-13, -5), (-13, -5), (-13, -5), (-12, -5), (-12, -5), (-14, -5), (-14, -5)
   (-12, -5), (-13, -5), (-10, -5), (-12, -5), (-12, -5), (-13, -5), (-11, -5), (-12, -5)
   (-13, -5), (-12, -5), (-12, -5), (-12, -5), (-9, -5), (-11, -5), (-11, -5), (-12, -5)
   (-14, -5), (-15, -5), (-14, -5), (-12, -5), (-12, -5), (-12, -5), (-12, -5), (-12, -5)
   (-12, -5), (-12, -5), (-12, -5), (-12, -5) );

Define ExInfoKeys0
 ( "sfb.bold", "sfb.boxsize", "sfb.face", "sfb.italics", "sfb.linespacing"
   "sfb.quality", "sfb.script", "sfb.size", "sfb.text", "sfb.underline" );

Define ExInfoValues0
 ( "0", "0", "Dwarven Todcraft", "0", "0"
   "62128128", "204", "15", "!\"#$%&\'()*+,-./0123456789:;<=>?@ABCDEFGHIJKLMNOPQRSTUVWXYZ[\\]^_`abcdefghijklmnopqrstuvwxyz{|}~©«®°·»¨£ÀÁÂÃÄÅÆÇÈÉÊËÌÍÎÏÐÑÒÓÔÕÖ×ØÙÚÛÜÝÞßàáâãäåæçèéêëìíîïðñòóôõö÷øùúûüýþÿ¸¿¢¥´", "0" );

CreateLayer               Main;
LayerSetImage             Main 'DwarvenTodcraft15_layer0';
LayerSetBaseOrder         Main 0;
LayerSetAscent            Main 21;
LayerSetHeight            Main 23;
LayerSetCharWidths        Main CharList0 WidthList0;
LayerSetImageMap          Main CharList0 RectList0;
LayerSetCharOffsets       Main CharList0 OffsetList0;
LayerSetPointSize         Main 15;
LayerSetExInfo            Main ExInfoKeys0 ExInfoValues0;
LayerSetAlphaCorrection   Main 1;

SetDefaultPointSize       15;
