Define CharMapFrom ( ' ' );
Define CharMapTo ( ' ' );
SetCharMap CharMapFrom CharMapTo;

Define CharList0
 ( '¨', '£', 'À', 'Á', 'Â', 'Ã', 'Ä', 'Å', 'Æ', 'Ç', 'È', 'É', 'Ê', 'Ë', 'Ì', 'Í'
   'Î', 'Ï', 'Ð', ' ', '!', 'Ñ', '\"', 'Ò', '#', 'Ó', '$', 'Ô', '%', 'Õ', '&', 'Ö'
   '\'', '×', '(', 'Ø', ')', 'Ù', '*', 'Ú', '+', 'Û', ',', 'Ü', '-', 'Ý', '.', 'Þ'
   '/', 'ß', '0', 'à', '1', 'á', '2', 'â', '3', 'ã', '4', 'ä', '5', 'å', '6', 'æ'
   '7', 'ç', '8', 'è', '9', 'é', ':', 'ê', ';', 'ë', '<', 'ì', '=', 'í', '>', 'î'
   '?', 'ï', '@', 'ð', 'A', 'ñ', 'B', 'ò', 'C', 'ó', 'D', 'ô', 'E', 'õ', 'F', 'ö'
   'G', '÷', 'H', 'ø', 'I', 'ù', 'J', 'ú', 'K', 'û', 'L', 'ü', 'M', 'ý', 'N', 'þ'
   'O', 'ÿ', 'P', 'Q', '¸', 'R', 'S', 'T', 'U', 'V', 'W', '¿', 'X', 'Y', 'Z', '['
   '\\', ']', '^', '¢', '_', '`', 'a', 'b', 'c', 'd', 'e', 'f', 'g', 'h', 'i', 'j'
   'k', 'l', 'm', 'n', 'o', 'p', 'q', 'r', 's', 't', 'u', 'v', 'w', 'x', 'y', 'z'
   '{', '|', '}', '~', '¥', '´', '©', '«', '®', '°', '·', '»' );

Define WidthList0
 (  16,  16,  22,  18,  18,  16,  23,  17,  24,  15,  22,  22,  20,  21,  29,  22
    21,  23,  18,  14,   7,  19,  17,  19,  14,  22,  12,  23,  16,  25,  13,  22
     5,  22,   7,  29,   7,  29,  10,  19,  12,  26,   8,  16,  11,  19,   8,  30
    11,  19,  15,  16,  10,  13,  16,  13,  15,  12,  17,  19,  15,  12,  16,  19
    17,  11,  15,  17,  15,  17,   8,  15,   8,  16,  11,  21,  14,  16,  11,  16
    12,  16,  23,  13,  22,  14,  18,  15,  19,  17,  18,  17,  17,  19,  16,  17
    19,  16,  22,  22,  11,  23,  11,  15,  20,  20,  16,  12,  29,  14,  23,  23
    21,  15,  18,  22,  16,  19,  14,  19,  22,  22,  32,  16,  25,  22,  19,   7
    11,   8,   9,  16,  10,   5,  16,  13,  14,  13,  12,  12,  15,  16,   8,   8
    15,  12,  21,  16,  16,  13,  19,  15,  11,  15,  16,  16,  24,  19,  18,  14
     9,   4,   9,  15,  16,  16,  17,  16,  16,  16,  16,  16 );

Define RectList0
 ( (116, 406, 58, 58), (174, 406, 58, 58), (232, 406, 58, 58), (290, 406, 58, 58)
   (348, 406, 58, 58), (406, 406, 58, 58), (464, 406, 58, 58), (522, 406, 58, 58)
   (580, 406, 58, 58), (638, 406, 58, 58), (696, 406, 58, 58), (754, 406, 58, 58)
   (  0, 464, 58, 58), ( 58, 464, 58, 58), (116, 464, 58, 58), (174, 464, 58, 58)
   (232, 464, 58, 58), (290, 464, 58, 58), (348, 464, 58, 58), (  0,   0,  0,  0)
   (  0,   0, 58, 58), (406, 464, 58, 58), ( 58,   0, 58, 58), (464, 464, 58, 58)
   (116,   0, 58, 58), (522, 464, 58, 58), (174,   0, 58, 58), (580, 464, 58, 58)
   (232,   0, 58, 58), (638, 464, 58, 58), (290,   0, 58, 58), (696, 464, 58, 58)
   (348,   0, 58, 58), (754, 464, 58, 58), (406,   0, 58, 58), (  0, 522, 58, 58)
   (464,   0, 58, 58), ( 58, 522, 58, 58), (522,   0, 58, 58), (116, 522, 58, 58)
   (580,   0, 58, 58), (174, 522, 58, 58), (638,   0, 58, 58), (232, 522, 58, 58)
   (696,   0, 58, 58), (290, 522, 58, 58), (754,   0, 58, 58), (348, 522, 58, 58)
   (  0,  58, 58, 58), (406, 522, 58, 58), ( 58,  58, 58, 58), (464, 522, 58, 58)
   (116,  58, 58, 58), (522, 522, 58, 58), (174,  58, 58, 58), (580, 522, 58, 58)
   (232,  58, 58, 58), (638, 522, 58, 58), (290,  58, 58, 58), (696, 522, 58, 58)
   (348,  58, 58, 58), (754, 522, 58, 58), (406,  58, 58, 58), (  0, 580, 58, 58)
   (464,  58, 58, 58), ( 58, 580, 58, 58), (522,  58, 58, 58), (116, 580, 58, 58)
   (580,  58, 58, 58), (174, 580, 58, 58), (638,  58, 58, 58), (232, 580, 58, 58)
   (696,  58, 58, 58), (290, 580, 58, 58), (754,  58, 58, 58), (348, 580, 58, 58)
   (  0, 116, 58, 58), (406, 580, 58, 58), ( 58, 116, 58, 58), (464, 580, 58, 58)
   (116, 116, 58, 58), (522, 580, 58, 58), (174, 116, 58, 58), (580, 580, 58, 58)
   (232, 116, 58, 58), (638, 580, 58, 58), (290, 116, 58, 58), (696, 580, 58, 58)
   (348, 116, 58, 58), (754, 580, 58, 58), (406, 116, 58, 58), (  0, 638, 58, 58)
   (464, 116, 58, 58), ( 58, 638, 58, 58), (522, 116, 58, 58), (116, 638, 58, 58)
   (580, 116, 58, 58), (174, 638, 58, 58), (638, 116, 58, 58), (232, 638, 58, 58)
   (696, 116, 58, 58), (290, 638, 58, 58), (754, 116, 58, 58), (348, 638, 58, 58)
   (  0, 174, 58, 58), (406, 638, 58, 58), ( 58, 174, 58, 58), (464, 638, 58, 58)
   (116, 174, 58, 58), (522, 638, 58, 58), (174, 174, 58, 58), (580, 638, 58, 58)
   (232, 174, 58, 58), (638, 638, 58, 58), (290, 174, 58, 58), (348, 174, 58, 58)
   (696, 638, 58, 58), (406, 174, 58, 58), (464, 174, 58, 58), (522, 174, 58, 58)
   (580, 174, 58, 58), (638, 174, 58, 58), (696, 174, 58, 58), (754, 638, 58, 58)
   (754, 174, 58, 58), (  0, 232, 58, 58), ( 58, 232, 58, 58), (116, 232, 58, 58)
   (174, 232, 58, 58), (232, 232, 58, 58), (290, 232, 58, 58), (  0, 696, 58, 58)
   (348, 232, 58, 58), (406, 232, 58, 58), (464, 232, 58, 58), (522, 232, 58, 58)
   (580, 232, 58, 58), (638, 232, 58, 58), (696, 232, 58, 58), (754, 232, 58, 58)
   (  0, 290, 58, 58), ( 58, 290, 58, 58), (116, 290, 58, 58), (174, 290, 58, 58)
   (232, 290, 58, 58), (290, 290, 58, 58), (348, 290, 58, 58), (406, 290, 58, 58)
   (464, 290, 58, 58), (522, 290, 58, 58), (580, 290, 58, 58), (638, 290, 58, 58)
   (696, 290, 58, 58), (754, 290, 58, 58), (  0, 348, 58, 58), ( 58, 348, 58, 58)
   (116, 348, 58, 58), (174, 348, 58, 58), (232, 348, 58, 58), (290, 348, 58, 58)
   (348, 348, 58, 58), (406, 348, 58, 58), (464, 348, 58, 58), (522, 348, 58, 58)
   ( 58, 696, 58, 58), (116, 696, 58, 58), (580, 348, 58, 58), (638, 348, 58, 58)
   (696, 348, 58, 58), (754, 348, 58, 58), (  0, 406, 58, 58), ( 58, 406, 58, 58) );

Define OffsetList0
 ( (-21, -9), (-21, -9), (-18, -9), (-20, -9), (-20, -9), (-21, -9), (-17, -9), (-20, -9)
   (-17, -9), (-21, -9), (-18, -9), (-18, -9), (-19, -9), (-18, -9), (-14, -9), (-18, -9)
   (-18, -9), (-17, -9), (-20, -9), (0, 0), (-25, -9), (-19, -9), (-20, -9), (-19, -9)
   (-22, -9), (-18, -9), (-23, -9), (-17, -9), (-21, -9), (-16, -9), (-22, -9), (-18, -9)
   (-26, -9), (-18, -9), (-25, -9), (-14, -9), (-25, -9), (-14, -9), (-24, -9), (-19, -9)
   (-23, -9), (-16, -9), (-25, -9), (-21, -9), (-23, -9), (-19, -9), (-25, -9), (-14, -9)
   (-23, -9), (-19, -9), (-21, -9), (-21, -9), (-24, -9), (-22, -9), (-21, -9), (-22, -9)
   (-21, -9), (-23, -9), (-20, -9), (-19, -9), (-21, -9), (-23, -9), (-21, -9), (-19, -9)
   (-20, -9), (-23, -9), (-21, -9), (-20, -9), (-21, -9), (-20, -9), (-25, -9), (-21, -9)
   (-25, -9), (-21, -9), (-23, -9), (-18, -9), (-22, -9), (-21, -9), (-23, -9), (-21, -9)
   (-23, -9), (-21, -9), (-17, -9), (-22, -9), (-18, -9), (-22, -9), (-20, -9), (-21, -9)
   (-19, -9), (-20, -9), (-20, -9), (-20, -9), (-20, -9), (-19, -9), (-21, -9), (-20, -9)
   (-19, -9), (-21, -9), (-18, -9), (-18, -9), (-23, -9), (-17, -9), (-23, -9), (-21, -9)
   (-19, -9), (-19, -9), (-21, -9), (-23, -9), (-14, -9), (-22, -9), (-17, -9), (-17, -9)
   (-18, -9), (-21, -9), (-20, -9), (-18, -9), (-21, -9), (-19, -9), (-22, -9), (-19, -9)
   (-18, -9), (-18, -9), (-13, -9), (-21, -9), (-16, -9), (-18, -9), (-19, -9), (-25, -9)
   (-23, -9), (-25, -9), (-24, -9), (-21, -9), (-24, -9), (-26, -9), (-21, -9), (-22, -9)
   (-22, -9), (-22, -9), (-23, -9), (-23, -9), (-21, -9), (-21, -9), (-25, -9), (-25, -9)
   (-21, -9), (-23, -9), (-18, -9), (-21, -9), (-21, -9), (-22, -9), (-19, -9), (-21, -9)
   (-23, -9), (-21, -9), (-21, -9), (-21, -9), (-17, -9), (-19, -9), (-20, -9), (-22, -9)
   (-24, -9), (-27, -9), (-24, -9), (-21, -9), (-21, -9), (-21, -9), (-20, -9), (-21, -9)
   (-21, -9), (-21, -9), (-21, -9), (-21, -9) );

Define ExInfoKeys0
 ( "sfb.bold", "sfb.boxsize", "sfb.face", "sfb.italics", "sfb.linespacing"
   "sfb.quality", "sfb.script", "sfb.size", "sfb.text", "sfb.underline" );

Define ExInfoValues0
 ( "0", "0", "Dwarven Todcraft", "0", "0"
   "62128128", "204", "24", "!\"#$%&\'()*+,-./0123456789:;<=>?@ABCDEFGHIJKLMNOPQRSTUVWXYZ[\\]^_`abcdefghijklmnopqrstuvwxyz{|}~©«®°·»¨£ÀÁÂÃÄÅÆÇÈÉÊËÌÍÎÏÐÑÒÓÔÕÖ×ØÙÚÛÜÝÞßàáâãäåæçèéêëìíîïðñòóôõö÷øùúûüýþÿ¸¿¢¥´", "0" );

CreateLayer               Main;
LayerSetImage             Main 'DwarvenTodcraft24_layer0';
LayerSetBaseOrder         Main 0;
LayerSetAscent            Main 35;
LayerSetHeight            Main 39;
LayerSetCharWidths        Main CharList0 WidthList0;
LayerSetImageMap          Main CharList0 RectList0;
LayerSetCharOffsets       Main CharList0 OffsetList0;
LayerSetPointSize         Main 24;
LayerSetExInfo            Main ExInfoKeys0 ExInfoValues0;
LayerSetAlphaCorrection   Main 1;

SetDefaultPointSize       24;
