Define CharMapFrom ( ' ' );
Define CharMapTo ( ' ' );
SetCharMap CharMapFrom CharMapTo;

Define CharList0
 ( '¨', '£', 'À', 'Á', 'Â', 'Ã', 'Ä', 'Å', 'Æ', 'Ç', 'È', 'É', 'Ê', 'Ë', 'Ì', 'Í'
   'Î', 'Ï', 'Ð', ' ', '!', 'Ñ', '\"', 'Ò', '#', 'Ó', '$', 'Ô', '%', 'Õ', '&', 'Ö'
   '\'', '×', '(', 'Ø', ')', 'Ù', '*', 'Ú', '+', 'Û', ',', 'Ü', '-', 'Ý', '.', 'Þ'
   '/', 'ß', '0', 'à', '1', 'á', '2', 'â', '3', 'ã', '4', 'ä', '5', 'å', '6', 'æ'
   '7', 'ç', '8', 'è', '9', 'é', ':', 'ê', ';', 'ë', '<', 'ì', '=', 'í', '>', 'î'
   '?', 'ï', '@', 'ð', 'A', 'ñ', 'B', 'ò', 'C', 'ó', 'D', 'ô', 'E', 'õ', 'F', 'ö'
   'G', '÷', 'H', 'ø', 'I', 'ù', 'J', 'ú', 'K', 'û', 'L', 'ü', 'M', 'ý', 'N', 'þ'
   'O', 'ÿ', 'P', 'Q', '¸', 'R', 'S', 'T', 'U', 'V', 'W', '¿', 'X', 'Y', 'Z', '['
   '\\', ']', '^', '¢', '_', '`', 'a', 'b', 'c', 'd', 'e', 'f', 'g', 'h', 'i', 'j'
   'k', 'l', 'm', 'n', 'o', 'p', 'q', 'r', 's', 't', 'u', 'v', 'w', 'x', 'y', 'z'
   '{', '|', '}', '~', '¥', '´', '©', '«', '®', '°', '·', '»' );

Define WidthList0
 (  11,  14,  13,  14,  14,  10,  14,  11,  20,  13,  14,  14,  14,  14,  21,  14
    14,  14,  13,   6,   7,  13,   9,  10,  13,  13,  13,  20,  13,  13,  13,  14
     4,  14,   8,  20,   8,  20,   8,  15,  19,  20,   6,  14,   6,  13,   6,  20
     8,  14,  13,  12,  13,  12,  13,  12,  13,   9,  13,  13,  13,  12,  13,  19
    13,  12,  13,  12,  13,  12,   6,  12,   6,  12,  19,  19,  19,  13,  19,  12
    11,  13,  27,  12,  13,  12,  14,   9,  13,  12,  14,  18,  11,  12,  10,  13
    14,  12,  14,  18,   7,  18,  12,  13,  13,  17,  10,  12,  21,  12,  14,  18
    14,  12,  13,  14,  12,  14,  13,  10,  14,  12,  20,  14,  13,  11,  11,   8
     8,   8,  19,  14,  13,  15,  12,  12,  12,  12,  12,   7,  12,  13,   6,   6
    12,   6,  19,  13,  12,  12,  12,  12,  12,   7,  13,  12,  19,  12,  12,  10
    11,  15,  11,  23,  14,  14,  23,  12,  23,   9,  14,  12 );

Define RectList0
 ( ( 86, 301, 43, 43), (129, 301, 43, 43), (172, 301, 43, 43), (215, 301, 43, 43)
   (258, 301, 43, 43), (301, 301, 43, 43), (344, 301, 43, 43), (387, 301, 43, 43)
   (430, 301, 43, 43), (473, 301, 43, 43), (516, 301, 43, 43), (559, 301, 43, 43)
   (  0, 344, 43, 43), ( 43, 344, 43, 43), ( 86, 344, 43, 43), (129, 344, 43, 43)
   (172, 344, 43, 43), (215, 344, 43, 43), (258, 344, 43, 43), (  0,   0,  0,  0)
   (  0,   0, 43, 43), (301, 344, 43, 43), ( 43,   0, 43, 43), (344, 344, 43, 43)
   ( 86,   0, 43, 43), (387, 344, 43, 43), (129,   0, 43, 43), (430, 344, 43, 43)
   (172,   0, 43, 43), (473, 344, 43, 43), (215,   0, 43, 43), (516, 344, 43, 43)
   (258,   0, 43, 43), (559, 344, 43, 43), (301,   0, 43, 43), (  0, 387, 43, 43)
   (344,   0, 43, 43), ( 43, 387, 43, 43), (387,   0, 43, 43), ( 86, 387, 43, 43)
   (430,   0, 43, 43), (129, 387, 43, 43), (473,   0, 43, 43), (172, 387, 43, 43)
   (516,   0, 43, 43), (215, 387, 43, 43), (559,   0, 43, 43), (258, 387, 43, 43)
   (  0,  43, 43, 43), (301, 387, 43, 43), ( 43,  43, 43, 43), (344, 387, 43, 43)
   ( 86,  43, 43, 43), (387, 387, 43, 43), (129,  43, 43, 43), (430, 387, 43, 43)
   (172,  43, 43, 43), (473, 387, 43, 43), (215,  43, 43, 43), (516, 387, 43, 43)
   (258,  43, 43, 43), (559, 387, 43, 43), (301,  43, 43, 43), (  0, 430, 43, 43)
   (344,  43, 43, 43), ( 43, 430, 43, 43), (387,  43, 43, 43), ( 86, 430, 43, 43)
   (430,  43, 43, 43), (129, 430, 43, 43), (473,  43, 43, 43), (172, 430, 43, 43)
   (516,  43, 43, 43), (215, 430, 43, 43), (559,  43, 43, 43), (258, 430, 43, 43)
   (  0,  86, 43, 43), (301, 430, 43, 43), ( 43,  86, 43, 43), (344, 430, 43, 43)
   ( 86,  86, 43, 43), (387, 430, 43, 43), (129,  86, 43, 43), (430, 430, 43, 43)
   (172,  86, 43, 43), (473, 430, 43, 43), (215,  86, 43, 43), (516, 430, 43, 43)
   (258,  86, 43, 43), (559, 430, 43, 43), (301,  86, 43, 43), (  0, 473, 43, 43)
   (344,  86, 43, 43), ( 43, 473, 43, 43), (387,  86, 43, 43), ( 86, 473, 43, 43)
   (430,  86, 43, 43), (129, 473, 43, 43), (473,  86, 43, 43), (172, 473, 43, 43)
   (516,  86, 43, 43), (215, 473, 43, 43), (559,  86, 43, 43), (258, 473, 43, 43)
   (  0, 129, 43, 43), (301, 473, 43, 43), ( 43, 129, 43, 43), (344, 473, 43, 43)
   ( 86, 129, 43, 43), (387, 473, 43, 43), (129, 129, 43, 43), (430, 473, 43, 43)
   (172, 129, 43, 43), (473, 473, 43, 43), (215, 129, 43, 43), (258, 129, 43, 43)
   (516, 473, 43, 43), (301, 129, 43, 43), (344, 129, 43, 43), (387, 129, 43, 43)
   (430, 129, 43, 43), (473, 129, 43, 43), (516, 129, 43, 43), (559, 473, 43, 43)
   (559, 129, 43, 43), (  0, 172, 43, 43), ( 43, 172, 43, 43), ( 86, 172, 43, 43)
   (129, 172, 43, 43), (172, 172, 43, 43), (215, 172, 43, 43), (  0, 516, 43, 43)
   (258, 172, 43, 43), (301, 172, 43, 43), (344, 172, 43, 43), (387, 172, 43, 43)
   (430, 172, 43, 43), (473, 172, 43, 43), (516, 172, 43, 43), (559, 172, 43, 43)
   (  0, 215, 43, 43), ( 43, 215, 43, 43), ( 86, 215, 43, 43), (129, 215, 43, 43)
   (172, 215, 43, 43), (215, 215, 43, 43), (258, 215, 43, 43), (301, 215, 43, 43)
   (344, 215, 43, 43), (387, 215, 43, 43), (430, 215, 43, 43), (473, 215, 43, 43)
   (516, 215, 43, 43), (559, 215, 43, 43), (  0, 258, 43, 43), ( 43, 258, 43, 43)
   ( 86, 258, 43, 43), (129, 258, 43, 43), (172, 258, 43, 43), (215, 258, 43, 43)
   (258, 258, 43, 43), (301, 258, 43, 43), (344, 258, 43, 43), (387, 258, 43, 43)
   ( 43, 516, 43, 43), ( 86, 516, 43, 43), (430, 258, 43, 43), (473, 258, 43, 43)
   (516, 258, 43, 43), (559, 258, 43, 43), (  0, 301, 43, 43), ( 43, 301, 43, 43) );

Define OffsetList0
 ( (-16, -7), (-14, -7), (-15, -7), (-14, -7), (-14, -7), (-16, -7), (-14, -7), (-16, -7)
   (-11, -7), (-15, -7), (-14, -7), (-14, -7), (-14, -7), (-14, -7), (-11, -7), (-14, -7)
   (-14, -7), (-14, -7), (-15, -7), (0, 0), (-18, -7), (-15, -7), (-17, -7), (-16, -7)
   (-15, -7), (-15, -7), (-15, -7), (-11, -7), (-15, -7), (-15, -7), (-15, -7), (-14, -7)
   (-19, -7), (-14, -7), (-17, -7), (-11, -7), (-17, -7), (-11, -7), (-17, -7), (-14, -7)
   (-12, -7), (-11, -7), (-18, -7), (-14, -7), (-18, -7), (-15, -7), (-18, -7), (-11, -7)
   (-17, -7), (-14, -7), (-15, -7), (-15, -7), (-15, -7), (-15, -7), (-15, -7), (-15, -7)
   (-15, -7), (-17, -7), (-15, -7), (-15, -7), (-15, -7), (-15, -7), (-15, -7), (-12, -7)
   (-15, -7), (-15, -7), (-15, -7), (-15, -7), (-15, -7), (-15, -7), (-18, -7), (-15, -7)
   (-18, -7), (-15, -7), (-12, -7), (-12, -7), (-12, -7), (-15, -7), (-12, -7), (-15, -7)
   (-16, -7), (-15, -7), (-8, -7), (-15, -7), (-15, -7), (-15, -7), (-14, -7), (-17, -7)
   (-15, -7), (-15, -7), (-14, -7), (-12, -7), (-16, -7), (-15, -7), (-16, -7), (-15, -7)
   (-14, -7), (-15, -7), (-14, -7), (-12, -7), (-18, -7), (-12, -7), (-15, -7), (-15, -7)
   (-15, -7), (-13, -7), (-16, -7), (-15, -7), (-11, -7), (-15, -7), (-14, -7), (-12, -7)
   (-14, -7), (-15, -7), (-15, -7), (-14, -7), (-15, -7), (-14, -7), (-15, -7), (-16, -7)
   (-14, -7), (-15, -7), (-11, -7), (-14, -7), (-15, -7), (-16, -7), (-16, -7), (-17, -7)
   (-17, -7), (-17, -7), (-12, -7), (-14, -7), (-15, -7), (-14, -7), (-15, -7), (-15, -7)
   (-15, -7), (-15, -7), (-15, -7), (-18, -7), (-15, -7), (-15, -7), (-18, -7), (-18, -7)
   (-15, -7), (-18, -7), (-12, -7), (-15, -7), (-15, -7), (-15, -7), (-15, -7), (-15, -7)
   (-15, -7), (-18, -7), (-15, -7), (-15, -7), (-12, -7), (-15, -7), (-15, -7), (-16, -7)
   (-16, -7), (-14, -7), (-16, -7), (-10, -7), (-14, -7), (-14, -7), (-10, -7), (-15, -7)
   (-10, -7), (-17, -7), (-14, -7), (-15, -7) );

Define KerningPairs0
 ( "ÀÒ", "À×", "ÀÚ", "Àò", "ÀT", "ÀY", "ÃÀ", "ÃÄ", "ÃÇ", "ÃÎ", "ÃÑ", "ÃÔ", "Ã,", "Ã.", "Ãà", "Ãâ"
   "Ãã", "Ãä", "Ãî", "ÃA", "Ãñ", "Ãó", "Ã÷", "ÆÔ", "Æ-", "Æ÷", "ÇÔ", "Çë", "Ç÷", "ÊÎ", "ÊÔ", "Ê-"
   "Êò", "ÎÒ", "ÐÀ", "ÐÕ", "Ð,", "Ðä", "Ðë", "ÑÒ", "ÒÀ", "ÒÄ", "ÒË", "ÒÎ", "ÒÑ", "ÒÓ", "ÒÔ", "Ò,"
   "Ò-", "Ò.", "Òà", "Òä", "Òå", "Òç", "Ò:", "Ò;", "Òë", "Òî", "ÒA", "Òñ", "Òó", "Òô", "Ò÷", "Òý"
   "Òÿ", "Òa", "Òc", "Òe", "Òo", "Òr", "Òs", "Òu", "Òw", "Òy", "Ò«", "Ò»", "ÓÄ", "Ó,", "Óë", "ÔÄ"
   "ÔÆ", "ÔÒ", "ÔÕ", "Ô,", "ÕÔ", "Õ÷", ",Ô", "-Ò", "-ò", "-T", "-Y", "Þë", "àÒ", "ãÀ", "ã,", "ã."
   "ãä", "ãë", "ãA", "åÒ", "çÒ", "îÒ", "AÒ", "Aò", "AT", "AY", "òÀ", "òÓ", "ò,", "ò-", "ò.", "òà"
   "òá", "òå", "ò:", "ò;", "òî", "òA", "òñ", "òó", "òa", "òc", "òe", "òo", "òr", "òs", "òu", "òw"
   "òy", "ò«", "ò»", "óÒ", "óë", "ôÒ", "FÀ", "F,", "F.", "FA", "K-", "LÒ", "LÓ", "L-", "Lò", "Ló"
   "LT", "LV", "LW", "LY", "Ly", "ýÒ", "TÀ", "TÓ", "T,", "T-", "T.", "Tà", "Tá", "Tå", "T:", "T;"
   "Tî", "TA", "Tñ", "Tó", "Ta", "Tc", "Te", "To", "Tr", "Ts", "Tu", "Tw", "Ty", "T«", "T»", "V,"
   "V.", "YÀ", "Y,", "Y-", "Y.", "YA", "Y«", "r,", "r.", "«Ò", "«ò", "«T", "«Z", "»Ò", "»ò", "»T"
   "»Y" );

Define KerningValues0
 (  -1,  -1,  -1,  -1,  -1,  -1,  -2,  -2,  -1,  -1,  -1,  -3,  -3,  -3,  -2,  -1
    -1,  -3,  -1,  -1,  -1,  -1,  -1,  -1,  -1,  -1,  -1,  -1,  -1,  -1,  -1,  -1
    -1,  -1,  -1,  -1,  -4,  -1,  -2,  -1,  -1,  -2,  -2,  -1,  -1,  -1,  -2,  -2
    -2,  -2,  -2,  -2,  -1,  -1,  -1,  -1,  -2,  -1,  -1,  -1,  -1,  -1,  -1,  -1
    -1,  -2,  -2,  -2,  -2,  -1,  -2,  -1,  -1,  -1,  -2,  -2,  -1,  -2,  -1,  -1
    -1,  -2,  -1,  -2,  -1,  -1,  -1,  -2,  -2,  -2,  -1,  -1,  -1,  -1,  -3,  -3
    -1,  -2,  -1,  -1,  -1,  -1,  -1,  -1,  -1,  -1,  -1,  -1,  -2,  -2,  -2,  -2
    -2,  -2,  -1,  -1,  -2,  -1,  -2,  -1,  -2,  -2,  -2,  -2,  -1,  -2,  -1,  -1
    -1,  -2,  -2,  -1,  -1,  -1,  -1,  -3,  -3,  -1,  -1,  -2,  -1,  -2,  -2,  -1
    -2,  -2,  -1,  -2,  -1,  -1,  -1,  -1,  -2,  -2,  -2,  -2,  -2,  -2,  -1,  -1
    -2,  -1,  -2,  -1,  -2,  -2,  -2,  -2,  -1,  -2,  -1,  -1,  -1,  -2,  -2,  -1
    -1,  -1,  -1,  -1,  -1,  -1,  -1,  -4,  -4,  -2,  -2,  -2,   1,  -2,  -2,  -2
    -1 );

Define ExInfoKeys0
 ( "sfb.bold", "sfb.boxsize", "sfb.face", "sfb.italics", "sfb.linespacing"
   "sfb.quality", "sfb.script", "sfb.size", "sfb.text", "sfb.underline" );

Define ExInfoValues0
 ( "0", "0", "a_AlternaBrk", "0", "0"
   "60620800", "204", "20", "!\"#$%&\'()*+,-./0123456789:;<=>?@ABCDEFGHIJKLMNOPQRSTUVWXYZ[\\]^_`abcdefghijklmnopqrstuvwxyz{|}~©«®°·»¨£ÀÁÂÃÄÅÆÇÈÉÊËÌÍÎÏÐÑÒÓÔÕÖ×ØÙÚÛÜÝÞßàáâãäåæçèéêëìíîïðñòóôõö÷øùúûüýþÿ¸¿¢¥´", "0" );

CreateLayer               Main;
LayerSetImage             Main 'HouseofTerror20_layer0';
LayerSetBaseOrder         Main 0;
LayerSetAscent            Main 26;
LayerSetHeight            Main 29;
LayerSetCharWidths        Main CharList0 WidthList0;
LayerSetKerningPairs      Main KerningPairs0 KerningValues0;
LayerSetImageMap          Main CharList0 RectList0;
LayerSetCharOffsets       Main CharList0 OffsetList0;
LayerSetPointSize         Main 20;
LayerSetExInfo            Main ExInfoKeys0 ExInfoValues0;
LayerSetAlphaCorrection   Main 1;

SetDefaultPointSize       20;
