Define CharMapFrom ( ' ' );
Define CharMapTo ( ' ' );
SetCharMap CharMapFrom CharMapTo;

Define CharList0
 ( '¨', '£', 'À', 'Á', 'Â', 'Ã', 'Ä', 'Å', 'Æ', 'Ç', 'È', 'É', 'Ê', 'Ë', 'Ì', 'Í'
   'Î', 'Ï', 'Ð', ' ', '!', 'Ñ', '\"', 'Ò', '#', 'Ó', '$', 'Ô', '%', 'Õ', '&', 'Ö'
   '\'', '×', '(', 'Ø', ')', 'Ù', '*', 'Ú', '+', 'Û', ',', 'Ü', '-', 'Ý', '.', 'Þ'
   '/', 'ß', '0', 'à', '1', 'á', '2', 'â', '3', 'ã', '4', 'ä', '5', 'å', '6', 'æ'
   '7', 'ç', '8', 'è', '9', 'é', ':', 'ê', ';', 'ë', '<', 'ì', '=', 'í', '>', 'î'
   '?', 'ï', '@', 'ð', 'A', 'ñ', 'B', 'ò', 'C', 'ó', 'D', 'ô', 'E', 'õ', 'F', 'ö'
   'G', '÷', 'H', 'ø', 'I', 'ù', 'J', 'ú', 'K', 'û', 'L', 'ü', 'M', 'ý', 'N', 'þ'
   'O', 'ÿ', 'P', 'Q', '¸', 'R', 'S', 'T', 'U', 'V', 'W', '¿', 'X', 'Y', 'Z', '['
   '\\', ']', '^', '¢', '_', '`', 'a', 'b', 'c', 'd', 'e', 'f', 'g', 'h', 'i', 'j'
   'k', 'l', 'm', 'n', 'o', 'p', 'q', 'r', 's', 't', 'u', 'v', 'w', 'x', 'y', 'z'
   '{', '|', '}', '~', '¥', '´', '©', '«', '®', '°', '·', '»' );

Define WidthList0
 (   8,  11,  10,  10,  11,   8,  11,   8,  16,  10,  11,  11,  10,  11,  16,  11
    10,  11,  10,   5,   5,  10,   7,   8,  10,  10,  10,  16,  10,  10,  10,  11
     3,  10,   6,  16,   6,  16,   6,  11,  15,  16,   4,  10,   5,  10,   4,  15
     6,  11,  10,   9,  10,  10,  10,   9,  10,   7,  10,  10,  10,   9,  10,  14
    10,   9,  10,   9,  10,   9,   4,  10,   4,   9,  15,  14,  15,  10,  15,   9
     8,  10,  21,  10,  10,   9,  11,   7,  10,   9,  11,  14,   8,   9,   8,  10
    10,   9,  11,  14,   5,  14,  10,  10,  10,  13,   8,   9,  16,   9,  11,  14
    10,   9,  10,  10,   9,  11,  10,   8,  11,  10,  15,  11,  10,   9,   8,   6
     6,   6,  15,  11,  10,  11,   9,  10,   9,  10,   9,   5,   9,  10,   5,   5
    10,   5,  15,  10,   9,  10,  10,   9,   9,   5,  10,   9,  15,   9,   9,   8
     8,  11,   8,  17,  11,  11,  17,   9,  17,   7,  11,   9 );

Define RectList0
 ( ( 66, 231, 33, 33), ( 99, 231, 33, 33), (132, 231, 33, 33), (165, 231, 33, 33)
   (198, 231, 33, 33), (231, 231, 33, 33), (264, 231, 33, 33), (297, 231, 33, 33)
   (330, 231, 33, 33), (363, 231, 33, 33), (396, 231, 33, 33), (429, 231, 33, 33)
   (  0, 264, 33, 33), ( 33, 264, 33, 33), ( 66, 264, 33, 33), ( 99, 264, 33, 33)
   (132, 264, 33, 33), (165, 264, 33, 33), (198, 264, 33, 33), (  0,   0,  0,  0)
   (  0,   0, 33, 33), (231, 264, 33, 33), ( 33,   0, 33, 33), (264, 264, 33, 33)
   ( 66,   0, 33, 33), (297, 264, 33, 33), ( 99,   0, 33, 33), (330, 264, 33, 33)
   (132,   0, 33, 33), (363, 264, 33, 33), (165,   0, 33, 33), (396, 264, 33, 33)
   (198,   0, 33, 33), (429, 264, 33, 33), (231,   0, 33, 33), (  0, 297, 33, 33)
   (264,   0, 33, 33), ( 33, 297, 33, 33), (297,   0, 33, 33), ( 66, 297, 33, 33)
   (330,   0, 33, 33), ( 99, 297, 33, 33), (363,   0, 33, 33), (132, 297, 33, 33)
   (396,   0, 33, 33), (165, 297, 33, 33), (429,   0, 33, 33), (198, 297, 33, 33)
   (  0,  33, 33, 33), (231, 297, 33, 33), ( 33,  33, 33, 33), (264, 297, 33, 33)
   ( 66,  33, 33, 33), (297, 297, 33, 33), ( 99,  33, 33, 33), (330, 297, 33, 33)
   (132,  33, 33, 33), (363, 297, 33, 33), (165,  33, 33, 33), (396, 297, 33, 33)
   (198,  33, 33, 33), (429, 297, 33, 33), (231,  33, 33, 33), (  0, 330, 33, 33)
   (264,  33, 33, 33), ( 33, 330, 33, 33), (297,  33, 33, 33), ( 66, 330, 33, 33)
   (330,  33, 33, 33), ( 99, 330, 33, 33), (363,  33, 33, 33), (132, 330, 33, 33)
   (396,  33, 33, 33), (165, 330, 33, 33), (429,  33, 33, 33), (198, 330, 33, 33)
   (  0,  66, 33, 33), (231, 330, 33, 33), ( 33,  66, 33, 33), (264, 330, 33, 33)
   ( 66,  66, 33, 33), (297, 330, 33, 33), ( 99,  66, 33, 33), (330, 330, 33, 33)
   (132,  66, 33, 33), (363, 330, 33, 33), (165,  66, 33, 33), (396, 330, 33, 33)
   (198,  66, 33, 33), (429, 330, 33, 33), (231,  66, 33, 33), (  0, 363, 33, 33)
   (264,  66, 33, 33), ( 33, 363, 33, 33), (297,  66, 33, 33), ( 66, 363, 33, 33)
   (330,  66, 33, 33), ( 99, 363, 33, 33), (363,  66, 33, 33), (132, 363, 33, 33)
   (396,  66, 33, 33), (165, 363, 33, 33), (429,  66, 33, 33), (198, 363, 33, 33)
   (  0,  99, 33, 33), (231, 363, 33, 33), ( 33,  99, 33, 33), (264, 363, 33, 33)
   ( 66,  99, 33, 33), (297, 363, 33, 33), ( 99,  99, 33, 33), (330, 363, 33, 33)
   (132,  99, 33, 33), (363, 363, 33, 33), (165,  99, 33, 33), (198,  99, 33, 33)
   (396, 363, 33, 33), (231,  99, 33, 33), (264,  99, 33, 33), (297,  99, 33, 33)
   (330,  99, 33, 33), (363,  99, 33, 33), (396,  99, 33, 33), (429, 363, 33, 33)
   (429,  99, 33, 33), (  0, 132, 33, 33), ( 33, 132, 33, 33), ( 66, 132, 33, 33)
   ( 99, 132, 33, 33), (132, 132, 33, 33), (165, 132, 33, 33), (  0, 396, 33, 33)
   (198, 132, 33, 33), (231, 132, 33, 33), (264, 132, 33, 33), (297, 132, 33, 33)
   (330, 132, 33, 33), (363, 132, 33, 33), (396, 132, 33, 33), (429, 132, 33, 33)
   (  0, 165, 33, 33), ( 33, 165, 33, 33), ( 66, 165, 33, 33), ( 99, 165, 33, 33)
   (132, 165, 33, 33), (165, 165, 33, 33), (198, 165, 33, 33), (231, 165, 33, 33)
   (264, 165, 33, 33), (297, 165, 33, 33), (330, 165, 33, 33), (363, 165, 33, 33)
   (396, 165, 33, 33), (429, 165, 33, 33), (  0, 198, 33, 33), ( 33, 198, 33, 33)
   ( 66, 198, 33, 33), ( 99, 198, 33, 33), (132, 198, 33, 33), (165, 198, 33, 33)
   (198, 198, 33, 33), (231, 198, 33, 33), (264, 198, 33, 33), (297, 198, 33, 33)
   ( 33, 396, 33, 33), ( 66, 396, 33, 33), (330, 198, 33, 33), (363, 198, 33, 33)
   (396, 198, 33, 33), (429, 198, 33, 33), (  0, 231, 33, 33), ( 33, 231, 33, 33) );

Define OffsetList0
 ( (-12, -5), (-11, -5), (-11, -5), (-11, -5), (-11, -5), (-12, -5), (-11, -5), (-12, -5)
   (-8, -5), (-11, -5), (-11, -5), (-11, -5), (-11, -5), (-11, -5), (-8, -5), (-11, -5)
   (-11, -5), (-11, -5), (-11, -5), (0, 0), (-14, -5), (-11, -5), (-13, -5), (-12, -5)
   (-11, -5), (-11, -5), (-11, -5), (-8, -5), (-11, -5), (-11, -5), (-11, -5), (-11, -5)
   (-15, -5), (-11, -5), (-13, -5), (-8, -5), (-13, -5), (-8, -5), (-13, -5), (-11, -5)
   (-9, -5), (-8, -5), (-14, -5), (-11, -5), (-14, -5), (-11, -5), (-14, -5), (-9, -5)
   (-13, -5), (-11, -5), (-11, -5), (-12, -5), (-11, -5), (-11, -5), (-11, -5), (-12, -5)
   (-11, -5), (-13, -5), (-11, -5), (-11, -5), (-11, -5), (-12, -5), (-11, -5), (-9, -5)
   (-11, -5), (-12, -5), (-11, -5), (-12, -5), (-11, -5), (-12, -5), (-14, -5), (-11, -5)
   (-14, -5), (-12, -5), (-9, -5), (-9, -5), (-9, -5), (-11, -5), (-9, -5), (-12, -5)
   (-12, -5), (-11, -5), (-6, -5), (-11, -5), (-11, -5), (-12, -5), (-11, -5), (-13, -5)
   (-11, -5), (-12, -5), (-11, -5), (-9, -5), (-12, -5), (-12, -5), (-12, -5), (-11, -5)
   (-11, -5), (-12, -5), (-11, -5), (-9, -5), (-14, -5), (-9, -5), (-11, -5), (-11, -5)
   (-11, -5), (-10, -5), (-12, -5), (-12, -5), (-8, -5), (-12, -5), (-11, -5), (-9, -5)
   (-11, -5), (-12, -5), (-11, -5), (-11, -5), (-12, -5), (-11, -5), (-11, -5), (-12, -5)
   (-11, -5), (-11, -5), (-9, -5), (-11, -5), (-11, -5), (-12, -5), (-12, -5), (-13, -5)
   (-13, -5), (-13, -5), (-9, -5), (-11, -5), (-11, -5), (-11, -5), (-12, -5), (-11, -5)
   (-12, -5), (-11, -5), (-12, -5), (-14, -5), (-12, -5), (-11, -5), (-14, -5), (-14, -5)
   (-11, -5), (-14, -5), (-9, -5), (-11, -5), (-12, -5), (-11, -5), (-11, -5), (-12, -5)
   (-12, -5), (-14, -5), (-11, -5), (-12, -5), (-9, -5), (-12, -5), (-12, -5), (-12, -5)
   (-12, -5), (-11, -5), (-12, -5), (-8, -5), (-11, -5), (-11, -5), (-8, -5), (-12, -5)
   (-8, -5), (-13, -5), (-11, -5), (-12, -5) );

Define KerningPairs0
 ( "ÀY", "ÃÀ", "ÃÄ", "ÃÎ", "ÃÔ", "Ã,", "Ã.", "Ãà", "Ãä", "Ãî", "ÃA", "Ãñ", "Æ-", "Ê-", "ÎÒ", "Ð,"
   "Ðä", "Ðë", "ÒÄ", "ÒË", "ÒÎ", "ÒÓ", "ÒÔ", "Ò,", "Ò-", "Ò.", "Òà", "Òä", "Òå", "Òç", "Ò:", "Ò;"
   "Òë", "Òî", "Òñ", "Òó", "Òô", "Òý", "Òa", "Òc", "Òe", "Òo", "Òr", "Òs", "Òu", "Òw", "Òy", "Ò«"
   "Ò»", "ÓÄ", "Ó,", "Óë", "ÔÒ", "Ô,", ",Ô", "-Ò", "-ò", "-T", "-Y", "àÒ", "ãÀ", "ã,", "ã.", "ãä"
   "ãë", "ãA", "åÒ", "çÒ", "îÒ", "AY", "òÓ", "ò,", "ò-", "ò.", "òà", "òá", "òå", "ò:", "ò;", "òî"
   "òñ", "òó", "òa", "òc", "òe", "òo", "òr", "òs", "òu", "òw", "òy", "ò«", "ò»", "óÒ", "ôÒ", "FÀ"
   "F,", "F.", "FA", "K-", "LÒ", "LÓ", "L-", "Lò", "Ló", "LT", "LV", "LW", "LY", "Ly", "ýÒ", "TÓ"
   "T,", "T-", "T.", "Tà", "Tá", "Tå", "T:", "T;", "Tî", "Tñ", "Tó", "Ta", "Tc", "Te", "To", "Tr"
   "Ts", "Tu", "Tw", "Ty", "T«", "T»", "V,", "V.", "YÀ", "Y,", "Y-", "Y.", "YA", "Y«", "r,", "r."
   "«Ò", "«ò", "«T", "«Z", "»Ò", "»ò", "»T", "»Y" );

Define KerningValues0
 (  -1,  -1,  -2,  -1,  -2,  -2,  -2,  -1,  -2,  -1,  -1,  -1,  -1,  -1,  -1,  -3
    -1,  -1,  -1,  -1,  -1,  -1,  -1,  -1,  -1,  -1,  -1,  -1,  -1,  -1,  -1,  -1
    -1,  -1,  -1,  -1,  -1,  -1,  -1,  -1,  -1,  -1,  -1,  -1,  -1,  -1,  -1,  -1
    -1,  -1,  -1,  -1,  -1,  -2,  -1,  -1,  -1,  -1,  -1,  -1,  -1,  -2,  -2,  -1
    -1,  -1,  -1,  -1,  -1,  -1,  -1,  -1,  -1,  -1,  -1,  -1,  -1,  -1,  -1,  -1
    -1,  -1,  -1,  -1,  -1,  -1,  -1,  -1,  -1,  -1,  -1,  -1,  -1,  -1,  -1,  -1
    -2,  -2,  -1,  -1,  -1,  -1,  -1,  -1,  -1,  -1,  -1,  -1,  -1,  -1,  -1,  -1
    -1,  -1,  -1,  -1,  -1,  -1,  -1,  -1,  -1,  -1,  -1,  -1,  -1,  -1,  -1,  -1
    -1,  -1,  -1,  -1,  -1,  -1,  -1,  -1,  -1,  -1,  -1,  -1,  -1,  -1,  -3,  -3
    -1,  -1,  -1,   1,  -1,  -1,  -1,  -1 );

Define ExInfoKeys0
 ( "sfb.bold", "sfb.boxsize", "sfb.face", "sfb.italics", "sfb.linespacing"
   "sfb.quality", "sfb.script", "sfb.size", "sfb.text", "sfb.underline" );

Define ExInfoValues0
 ( "0", "0", "a_AlternaBrk", "0", "0"
   "29491280", "204", "16", "!\"#$%&\'()*+,-./0123456789:;<=>?@ABCDEFGHIJKLMNOPQRSTUVWXYZ[\\]^_`abcdefghijklmnopqrstuvwxyz{|}~©«®°·»¨£ÀÁÂÃÄÅÆÇÈÉÊËÌÍÎÏÐÑÒÓÔÕÖ×ØÙÚÛÜÝÞßàáâãäåæçèéêëìíîïðñòóôõö÷øùúûüýþÿ¸¿¢¥´", "0" );

CreateLayer               Main;
LayerSetImage             Main 'HouseofTerror16_layer0';
LayerSetBaseOrder         Main 0;
LayerSetAscent            Main 20;
LayerSetHeight            Main 22;
LayerSetCharWidths        Main CharList0 WidthList0;
LayerSetKerningPairs      Main KerningPairs0 KerningValues0;
LayerSetImageMap          Main CharList0 RectList0;
LayerSetCharOffsets       Main CharList0 OffsetList0;
LayerSetPointSize         Main 16;
LayerSetExInfo            Main ExInfoKeys0 ExInfoValues0;
LayerSetAlphaCorrection   Main 1;

SetDefaultPointSize       16;
