Define CharMapFrom ( ' ' );
Define CharMapTo ( ' ' );
SetCharMap CharMapFrom CharMapTo;

Define CharList0
 ( '¨', '£', 'À', 'Á', 'Â', 'Ã', 'Ä', 'Å', 'Æ', 'Ç', 'È', 'É', 'Ê', 'Ë', 'Ì', 'Í'
   'Î', 'Ï', 'Ð', ' ', '!', 'Ñ', '\"', 'Ò', '#', 'Ó', '$', 'Ô', '%', 'Õ', '&', 'Ö'
   '\'', '×', '(', 'Ø', ')', 'Ù', '*', 'Ú', '+', 'Û', ',', 'Ü', '-', 'Ý', '.', 'Þ'
   '/', 'ß', '0', 'à', '1', 'á', '2', 'â', '3', 'ã', '4', 'ä', '5', 'å', '6', 'æ'
   '7', 'ç', '8', 'è', '9', 'é', ':', 'ê', ';', 'ë', '<', 'ì', '=', 'í', '>', 'î'
   '?', 'ï', '@', 'ð', 'A', 'ñ', 'B', 'ò', 'C', 'ó', 'D', 'ô', 'E', 'õ', 'F', 'ö'
   'G', '÷', 'H', 'ø', 'I', 'ù', 'J', 'ú', 'K', 'û', 'L', 'ü', 'M', 'ý', 'N', 'þ'
   'O', 'ÿ', 'P', 'Q', '¸', 'R', 'S', 'T', 'U', 'V', 'W', '¿', 'X', 'Y', 'Z', '['
   '\\', ']', '^', '¢', '_', '`', 'a', 'b', 'c', 'd', 'e', 'f', 'g', 'h', 'i', 'j'
   'k', 'l', 'm', 'n', 'o', 'p', 'q', 'r', 's', 't', 'u', 'v', 'w', 'x', 'y', 'z'
   '{', '|', '}', '~', '¥', '´', '©', '«', '®', '°', '·', '»' );

Define WidthList0
 (  15,  20,  18,  19,  19,  14,  20,  15,  28,  18,  19,  19,  19,  19,  29,  19
    19,  19,  19,   9,   9,  18,  12,  14,  18,  18,  18,  28,  18,  18,  18,  19
     6,  19,  11,  28,  11,  28,  11,  20,  26,  28,   8,  19,   9,  19,   8,  27
    11,  19,  18,  17,  18,  17,  18,  17,  18,  12,  18,  18,  18,  17,  18,  26
    18,  16,  18,  17,  18,  17,   8,  17,   8,  17,  26,  26,  26,  18,  26,  17
    15,  18,  37,  17,  18,  17,  19,  13,  18,  17,  19,  25,  15,  17,  14,  18
    19,  17,  19,  25,   9,  25,  17,  18,  19,  24,  14,  17,  29,  17,  19,  25
    19,  17,  19,  19,  17,  19,  18,  14,  19,  17,  27,  20,  18,  15,  15,  11
    11,  11,  26,  20,  18,  21,  17,  17,  17,  17,  17,  10,  17,  17,   9,   9
    17,   9,  26,  17,  17,  17,  17,  16,  16,  10,  17,  17,  26,  17,  17,  14
    15,  21,  15,  31,  20,  20,  31,  16,  31,  13,  20,  16 );

Define RectList0
 ( (120, 420, 60, 60), (180, 420, 60, 60), (240, 420, 60, 60), (300, 420, 60, 60)
   (360, 420, 60, 60), (420, 420, 60, 60), (480, 420, 60, 60), (540, 420, 60, 60)
   (600, 420, 60, 60), (660, 420, 60, 60), (720, 420, 60, 60), (780, 420, 60, 60)
   (  0, 480, 60, 60), ( 60, 480, 60, 60), (120, 480, 60, 60), (180, 480, 60, 60)
   (240, 480, 60, 60), (300, 480, 60, 60), (360, 480, 60, 60), (  0,   0,  0,  0)
   (  0,   0, 60, 60), (420, 480, 60, 60), ( 60,   0, 60, 60), (480, 480, 60, 60)
   (120,   0, 60, 60), (540, 480, 60, 60), (180,   0, 60, 60), (600, 480, 60, 60)
   (240,   0, 60, 60), (660, 480, 60, 60), (300,   0, 60, 60), (720, 480, 60, 60)
   (360,   0, 60, 60), (780, 480, 60, 60), (420,   0, 60, 60), (  0, 540, 60, 60)
   (480,   0, 60, 60), ( 60, 540, 60, 60), (540,   0, 60, 60), (120, 540, 60, 60)
   (600,   0, 60, 60), (180, 540, 60, 60), (660,   0, 60, 60), (240, 540, 60, 60)
   (720,   0, 60, 60), (300, 540, 60, 60), (780,   0, 60, 60), (360, 540, 60, 60)
   (  0,  60, 60, 60), (420, 540, 60, 60), ( 60,  60, 60, 60), (480, 540, 60, 60)
   (120,  60, 60, 60), (540, 540, 60, 60), (180,  60, 60, 60), (600, 540, 60, 60)
   (240,  60, 60, 60), (660, 540, 60, 60), (300,  60, 60, 60), (720, 540, 60, 60)
   (360,  60, 60, 60), (780, 540, 60, 60), (420,  60, 60, 60), (  0, 600, 60, 60)
   (480,  60, 60, 60), ( 60, 600, 60, 60), (540,  60, 60, 60), (120, 600, 60, 60)
   (600,  60, 60, 60), (180, 600, 60, 60), (660,  60, 60, 60), (240, 600, 60, 60)
   (720,  60, 60, 60), (300, 600, 60, 60), (780,  60, 60, 60), (360, 600, 60, 60)
   (  0, 120, 60, 60), (420, 600, 60, 60), ( 60, 120, 60, 60), (480, 600, 60, 60)
   (120, 120, 60, 60), (540, 600, 60, 60), (180, 120, 60, 60), (600, 600, 60, 60)
   (240, 120, 60, 60), (660, 600, 60, 60), (300, 120, 60, 60), (720, 600, 60, 60)
   (360, 120, 60, 60), (780, 600, 60, 60), (420, 120, 60, 60), (  0, 660, 60, 60)
   (480, 120, 60, 60), ( 60, 660, 60, 60), (540, 120, 60, 60), (120, 660, 60, 60)
   (600, 120, 60, 60), (180, 660, 60, 60), (660, 120, 60, 60), (240, 660, 60, 60)
   (720, 120, 60, 60), (300, 660, 60, 60), (780, 120, 60, 60), (360, 660, 60, 60)
   (  0, 180, 60, 60), (420, 660, 60, 60), ( 60, 180, 60, 60), (480, 660, 60, 60)
   (120, 180, 60, 60), (540, 660, 60, 60), (180, 180, 60, 60), (600, 660, 60, 60)
   (240, 180, 60, 60), (660, 660, 60, 60), (300, 180, 60, 60), (360, 180, 60, 60)
   (720, 660, 60, 60), (420, 180, 60, 60), (480, 180, 60, 60), (540, 180, 60, 60)
   (600, 180, 60, 60), (660, 180, 60, 60), (720, 180, 60, 60), (780, 660, 60, 60)
   (780, 180, 60, 60), (  0, 240, 60, 60), ( 60, 240, 60, 60), (120, 240, 60, 60)
   (180, 240, 60, 60), (240, 240, 60, 60), (300, 240, 60, 60), (  0, 720, 60, 60)
   (360, 240, 60, 60), (420, 240, 60, 60), (480, 240, 60, 60), (540, 240, 60, 60)
   (600, 240, 60, 60), (660, 240, 60, 60), (720, 240, 60, 60), (780, 240, 60, 60)
   (  0, 300, 60, 60), ( 60, 300, 60, 60), (120, 300, 60, 60), (180, 300, 60, 60)
   (240, 300, 60, 60), (300, 300, 60, 60), (360, 300, 60, 60), (420, 300, 60, 60)
   (480, 300, 60, 60), (540, 300, 60, 60), (600, 300, 60, 60), (660, 300, 60, 60)
   (720, 300, 60, 60), (780, 300, 60, 60), (  0, 360, 60, 60), ( 60, 360, 60, 60)
   (120, 360, 60, 60), (180, 360, 60, 60), (240, 360, 60, 60), (300, 360, 60, 60)
   (360, 360, 60, 60), (420, 360, 60, 60), (480, 360, 60, 60), (540, 360, 60, 60)
   ( 60, 720, 60, 60), (120, 720, 60, 60), (600, 360, 60, 60), (660, 360, 60, 60)
   (720, 360, 60, 60), (780, 360, 60, 60), (  0, 420, 60, 60), ( 60, 420, 60, 60) );

Define OffsetList0
 ( (-22, -10), (-20, -10), (-21, -10), (-20, -10), (-20, -10), (-23, -10), (-20, -10), (-22, -10)
   (-16, -10), (-21, -10), (-20, -10), (-20, -10), (-20, -10), (-20, -10), (-15, -10), (-20, -10)
   (-20, -10), (-20, -10), (-20, -10), (0, 0), (-25, -10), (-21, -10), (-24, -10), (-23, -10)
   (-21, -10), (-21, -10), (-21, -10), (-16, -10), (-21, -10), (-21, -10), (-21, -10), (-20, -10)
   (-27, -10), (-20, -10), (-24, -10), (-16, -10), (-24, -10), (-16, -10), (-24, -10), (-20, -10)
   (-17, -10), (-16, -10), (-26, -10), (-20, -10), (-25, -10), (-20, -10), (-26, -10), (-16, -10)
   (-24, -10), (-20, -10), (-21, -10), (-21, -10), (-21, -10), (-21, -10), (-21, -10), (-21, -10)
   (-21, -10), (-24, -10), (-21, -10), (-21, -10), (-21, -10), (-21, -10), (-21, -10), (-17, -10)
   (-21, -10), (-22, -10), (-21, -10), (-21, -10), (-21, -10), (-21, -10), (-26, -10), (-21, -10)
   (-26, -10), (-21, -10), (-17, -10), (-17, -10), (-17, -10), (-21, -10), (-17, -10), (-21, -10)
   (-22, -10), (-21, -10), (-11, -10), (-21, -10), (-21, -10), (-21, -10), (-20, -10), (-23, -10)
   (-21, -10), (-21, -10), (-20, -10), (-17, -10), (-22, -10), (-21, -10), (-23, -10), (-21, -10)
   (-20, -10), (-21, -10), (-20, -10), (-17, -10), (-25, -10), (-17, -10), (-21, -10), (-21, -10)
   (-20, -10), (-18, -10), (-23, -10), (-21, -10), (-15, -10), (-21, -10), (-20, -10), (-17, -10)
   (-20, -10), (-21, -10), (-20, -10), (-20, -10), (-21, -10), (-20, -10), (-21, -10), (-23, -10)
   (-20, -10), (-21, -10), (-16, -10), (-20, -10), (-21, -10), (-22, -10), (-22, -10), (-24, -10)
   (-24, -10), (-24, -10), (-17, -10), (-20, -10), (-21, -10), (-19, -10), (-21, -10), (-21, -10)
   (-21, -10), (-21, -10), (-21, -10), (-25, -10), (-21, -10), (-21, -10), (-25, -10), (-25, -10)
   (-21, -10), (-25, -10), (-17, -10), (-21, -10), (-21, -10), (-21, -10), (-21, -10), (-22, -10)
   (-22, -10), (-25, -10), (-21, -10), (-21, -10), (-17, -10), (-21, -10), (-21, -10), (-23, -10)
   (-22, -10), (-19, -10), (-22, -10), (-14, -10), (-20, -10), (-20, -10), (-14, -10), (-22, -10)
   (-14, -10), (-23, -10), (-20, -10), (-22, -10) );

Define KerningPairs0
 ( "ÀÒ", "ÀÔ", "À×", "ÀÚ", "Àò", "À÷", "ÀT", "ÀY", "ÃÀ", "ÃÄ", "ÃÆ", "ÃÇ", "ÃÎ", "ÃÑ", "ÃÔ", "Ã,"
   "Ã.", "Ãà", "Ãâ", "Ãã", "Ãä", "Ãî", "ÃA", "Ãñ", "Ãó", "Ã÷", "Ä÷", "Åæ", "ÆË", "ÆÔ", "Æ-", "Æ÷"
   "ÇÔ", "ÇÕ", "Çä", "Çë", "Ç÷", "ÊÎ", "ÊÑ", "ÊÔ", "Ê-", "Êò", "ÎÄ", "ÎÒ", "ÐÀ", "ÐÆ", "ÐÕ", "Ð,"
   "ÐÝ", "Ðä", "Ðë", "ÑÒ", "Ñë", "Ñ÷", "ÒÀ", "ÒÄ", "ÒË", "ÒÎ", "ÒÑ", "ÒÓ", "ÒÔ", "Ò,", "Ò-", "Ò."
   "Òß", "Òà", "Òá", "Òä", "Òå", "Òç", "Ò:", "Ò;", "Òë", "Òî", "ÒA", "Òñ", "Òó", "Òô", "Òõ", "Ò÷"
   "Òý", "Òÿ", "Òa", "Òc", "Òe", "Òo", "Òr", "Òs", "Òu", "Òw", "Òy", "Ò«", "Ò»", "ÓÀ", "ÓÄ", "Ó,"
   "Óà", "Óë", "Óõ", "Óÿ", "ÔÀ", "ÔÄ", "ÔÆ", "ÔÇ", "ÔË", "ÔÒ", "ÔÕ", "Ô,", "ÔÝ", "Ôß", "Ôë", "ÕÇ"
   "ÕÔ", "ÕÝ", "Õë", "Õ÷", "Ö÷", "Ù÷", ",Ô", "-Ò", "-ò", "-T", "-Y", "ÝÄ", "ÝÕ", "Ýë", "Þë", "àÒ"
   "ãÀ", "ã,", "ã.", "ãä", "ãë", "ãA", "åÒ", "æ÷", "çÒ", "îÒ", "îò", "AÒ", "Aò", "AT", "AY", "òÀ"
   "òÓ", "ò,", "ò-", "ò.", "òà", "òá", "òå", "ò:", "ò;", "òî", "òA", "òñ", "òó", "òa", "òc", "òe"
   "òo", "òr", "òs", "òu", "òw", "òy", "ò«", "ò»", "óÒ", "óë", "ôÒ", "FÀ", "F,", "F.", "FA", "K-"
   "LÒ", "LÓ", "L-", "Lò", "Ló", "LT", "LV", "LW", "LY", "Ly", "ýÒ", "TÀ", "TÓ", "T,", "T-", "T."
   "Tà", "Tá", "Tå", "T:", "T;", "Tî", "TA", "Tñ", "Tó", "Ta", "Tc", "Te", "To", "Tr", "Ts", "Tu"
   "Tw", "Ty", "T«", "T»", "V,", "V.", "W,", "W.", "YÀ", "Y,", "Y-", "Y.", "YA", "Y«", "r,", "r."
   "v,", "v.", "«Ò", "«ò", "«T", "«Z", "»Ò", "»ò", "»T", "»Y" );

Define KerningValues0
 (  -1,  -1,  -1,  -1,  -1,  -1,  -1,  -1,  -3,  -3,  -1,  -1,  -2,  -1,  -4,  -4
    -4,  -3,  -1,  -1,  -4,  -2,  -1,  -2,  -1,  -1,  -1,  -1,  -1,  -1,  -1,  -1
    -1,  -1,  -1,  -1,  -1,  -1,  -1,  -1,  -1,  -1,  -1,  -2,  -1,  -1,  -1,  -5
    -1,  -2,  -2,  -1,  -1,  -1,  -1,  -2,  -3,  -2,  -1,  -2,  -2,  -2,  -2,  -2
    -1,  -2,  -1,  -2,  -1,  -2,  -2,  -2,  -3,  -2,  -1,  -2,  -1,  -2,  -1,  -1
    -2,  -1,  -2,  -2,  -2,  -2,  -1,  -2,  -2,  -2,  -2,  -2,  -2,  -1,  -1,  -3
    -1,  -1,  -1,  -1,  -1,  -1,  -1,  -1,  -1,  -2,  -1,  -3,  -1,  -1,  -1,  -1
    -1,  -1,  -1,  -1,  -1,  -1,  -1,  -2,  -2,  -2,  -2,  -1,  -1,  -1,  -1,  -2
    -1,  -4,  -4,  -2,  -2,  -1,  -2,  -1,  -2,  -2,  -1,  -1,  -1,  -1,  -1,  -1
    -2,  -2,  -2,  -2,  -2,  -2,  -2,  -2,  -2,  -2,  -1,  -2,  -2,  -2,  -2,  -2
    -2,  -1,  -2,  -2,  -2,  -2,  -2,  -2,  -1,  -1,  -2,  -1,  -4,  -4,  -1,  -1
    -2,  -1,  -2,  -2,  -1,  -2,  -2,  -1,  -3,  -1,  -2,  -1,  -2,  -2,  -2,  -2
    -2,  -2,  -2,  -2,  -2,  -2,  -1,  -2,  -2,  -2,  -2,  -2,  -2,  -1,  -2,  -2
    -2,  -2,  -2,  -2,  -1,  -1,  -1,  -1,  -1,  -2,  -1,  -2,  -1,  -1,  -6,  -6
    -1,  -1,  -2,  -2,  -2,   1,  -2,  -2,  -2,  -1 );

Define ExInfoKeys0
 ( "sfb.bold", "sfb.boxsize", "sfb.face", "sfb.italics", "sfb.linespacing"
   "sfb.quality", "sfb.script", "sfb.size", "sfb.text", "sfb.underline" );

Define ExInfoValues0
 ( "0", "0", "a_AlternaBrk", "0", "0"
   "60620800", "204", "28", "!\"#$%&\'()*+,-./0123456789:;<=>?@ABCDEFGHIJKLMNOPQRSTUVWXYZ[\\]^_`abcdefghijklmnopqrstuvwxyz{|}~©«®°·»¨£ÀÁÂÃÄÅÆÇÈÉÊËÌÍÎÏÐÑÒÓÔÕÖ×ØÙÚÛÜÝÞßàáâãäåæçèéêëìíîïðñòóôõö÷øùúûüýþÿ¸¿¢¥´", "0" );

CreateLayer               Main;
LayerSetImage             Main 'HouseofTerror28_layer0';
LayerSetBaseOrder         Main 0;
LayerSetAscent            Main 36;
LayerSetHeight            Main 40;
LayerSetCharWidths        Main CharList0 WidthList0;
LayerSetKerningPairs      Main KerningPairs0 KerningValues0;
LayerSetImageMap          Main CharList0 RectList0;
LayerSetCharOffsets       Main CharList0 OffsetList0;
LayerSetPointSize         Main 28;
LayerSetExInfo            Main ExInfoKeys0 ExInfoValues0;
LayerSetAlphaCorrection   Main 1;

SetDefaultPointSize       28;
