Define CharList
 ( ' ', '!', '"', '#', '$', '%', '&',"'", '(', ')', '*', '+', ',', '-', '.', '/',
   '0', '1', '2', '3', '4', '5', '6', '7', '8', '9', ':', ';', '<', '=', '>', '?',
   '@', 'A', 'B', 'C', 'D', 'E', 'F', 'G', 'H', 'I', 'J', 'K', 'L', 'M', 'N', 'O',
   'P', 'Q', 'R', 'S', 'T', 'U', 'V', 'W', 'X', 'Y', 'Z', '[','\\', ']', '^', '_',
   '`', 'a', 'b', 'c', 'd', 'e', 'f', 'g', 'h', 'i', 'j', 'k', 'l', 'm', 'n', 'o',
   'p', 'q', 'r', 's', 't', 'u', 'v', 'w', 'x', 'y', 'z', '{', '|', '}', '~', '¢',
   '£', '¥', '¨', '©', '«', '®', '°', '´', '·', '¸', '»', '¿', 'À', 'Á', 'Â', 'Ã',
   'Ä', 'Å', 'Æ', 'Ç', 'È', 'É', 'Ê', 'Ë', 'Ì', 'Í', 'Î', 'Ï', 'Ð', 'Ñ', 'Ò', 'Ó',
   'Ô', 'Õ', 'Ö', '×', 'Ø', 'Ù', 'Ú', 'Û', 'Ü', 'Ý', 'Þ', 'ß', 'à', 'á', 'â', 'ã',
   'ä', 'å', 'æ', 'ç', 'è', 'é', 'ê', 'ë', 'ì', 'í', 'î', 'ï', 'ð', 'ñ', 'ò', 'ó',
   'ô', 'õ', 'ö', '÷', 'ø', 'ù', 'ú', 'û', 'ü', 'ý', 'þ', 'ÿ');

Define WidthList
 (   3,   4,   4,   8,   6,  11,   7,   2,   4,   4,   6,   8,   4,   4,   4,   4,
     6,   6,   6,   6,   6,   6,   6,   6,   6,   6,   4,   4,   8,   8,   8,   5,
    10,   7,   6,   7,   7,   6,   6,   7,   7,   4,   5,   6,   5,   8,   7,   8,
     6,   8,   7,   6,   6,   7,   6,  10,   6,   6,   6,   4,   4,   4,   8,   6,
     6,   6,   6,   5,   6,   6,   4,   6,   6,   2,   3,   5,   2,   8,   6,   6,
     6,   6,   4,   5,   4,   6,   6,   8,   6,   6,   5,   5,   4,   5,   8,   6,
     5,   6,   6,  10,   6,  10,   5,   5,   4,   6,   6,   2,   7,   6,   6,   6,
     8,   6,  10,   6,   7,   7,   7,   7,   8,   7,   8,   7,   6,   7,   6,   7,
     8,   6,   8,   7,  10,  11,   8,   8,   6,   7,  10,   7,   6,   6,   6,   5,
     7,   6,   8,   5,   6,   6,   6,   6,   6,   6,   6,   6,   6,   5,   6,   6,
     8,   6,   6,   6,   8,   9,   7,   8,   6,   5,   9,   6);

Define RectList
 ( (   0,  0,  0, 13), (   1,  0,  1, 13), (   3,  0,  3, 13), (   7,  0,  7, 13),
   (  15,  0,  5, 13), (  21,  0, 10, 13), (  32,  0,  7, 13), (  40,  0,  1, 13),
   (  42,  0,  3, 13), (  46,  0,  3, 13), (  50,  0,  5, 13), (  56,  0,  7, 13),
   (  64,  0,  2, 13), (  67,  0,  3, 13), (  71,  0,  1, 13), (  73,  0,  3, 13),
   (  77,  0,  5, 13), (  83,  0,  3, 13), (  87,  0,  5, 13), (  93,  0,  5, 13),
   (  99,  0,  5, 13), ( 105,  0,  5, 13), ( 111,  0,  5, 13), ( 117,  0,  5, 13),
   ( 123,  0,  5, 13), ( 129,  0,  5, 13), ( 135,  0,  1, 13), ( 137,  0,  2, 13),
   ( 140,  0,  6, 13), ( 147,  0,  7, 13), ( 155,  0,  6, 13), ( 162,  0,  4, 13),
   ( 167,  0,  9, 13), ( 177,  0,  6, 13), ( 184,  0,  5, 13), ( 190,  0,  6, 13),
   ( 197,  0,  6, 13), ( 204,  0,  5, 13), ( 210,  0,  5, 13), ( 216,  0,  6, 13),
   ( 223,  0,  6, 13), ( 230,  0,  3, 13), ( 234,  0,  4, 13), ( 239,  0,  5, 13),
   ( 245,  0,  4, 13), ( 250,  0,  7, 13), ( 258,  0,  6, 13), ( 265,  0,  7, 13),
   ( 273,  0,  5, 13), ( 279,  0,  7, 13), ( 287,  0,  6, 13), ( 294,  0,  5, 13),
   ( 300,  0,  5, 13), ( 306,  0,  6, 13), ( 313,  0,  5, 13), ( 319,  0,  9, 13),
   ( 329,  0,  5, 13), ( 335,  0,  5, 13), ( 341,  0,  5, 13), ( 347,  0,  3, 13),
   ( 351,  0,  3, 13), ( 355,  0,  3, 13), ( 359,  0,  7, 13), ( 367,  0,  6, 13),
   ( 374,  0,  2, 13), ( 377,  0,  5, 13), ( 383,  0,  5, 13), ( 389,  0,  4, 13),
   ( 394,  0,  5, 13), ( 400,  0,  5, 13), ( 406,  0,  3, 13), ( 410,  0,  5, 13),
   ( 416,  0,  5, 13), ( 422,  0,  1, 13), ( 424,  0,  2, 13), ( 427,  0,  5, 13),
   ( 433,  0,  1, 13), ( 435,  0,  7, 13), ( 443,  0,  5, 13), ( 449,  0,  5, 13),
   ( 455,  0,  5, 13), ( 461,  0,  5, 13), ( 467,  0,  3, 13), ( 471,  0,  4, 13),
   ( 476,  0,  3, 13), ( 480,  0,  5, 13), ( 486,  0,  5, 13), ( 492,  0,  7, 13),
   ( 500,  0,  5, 13), ( 506,  0,  5, 13), ( 512,  0,  4, 13), ( 517,  0,  4, 13),
   ( 522,  0,  1, 13), ( 524,  0,  4, 13), ( 529,  0,  7, 13), ( 537,  0,  5, 13),
   ( 543,  0,  4, 13), ( 548,  0,  5, 13), ( 554,  0,  5, 13), ( 560,  0,  9, 13),
   ( 570,  0,  5, 13), ( 576,  0,  9, 13), ( 586,  0,  4, 13), ( 591,  0,  4, 13),
   ( 596,  0,  1, 13), ( 598,  0,  5, 13), ( 604,  0,  5, 13), ( 610,  0,  3, 13),
   ( 614,  0,  6, 13), ( 621,  0,  5, 13), ( 627,  0,  5, 13), ( 633,  0,  5, 13),
   ( 639,  0,  7, 13), ( 647,  0,  5, 13), ( 653,  0,  9, 13), ( 663,  0,  5, 13),
   ( 669,  0,  6, 13), ( 676,  0,  6, 13), ( 683,  0,  6, 13), ( 690,  0,  6, 13),
   ( 697,  0,  7, 13), ( 705,  0,  6, 13), ( 712,  0,  7, 13), ( 720,  0,  6, 13),
   ( 727,  0,  5, 13), ( 733,  0,  6, 13), ( 740,  0,  5, 13), ( 746,  0,  6, 13),
   ( 753,  0,  7, 13), ( 761,  0,  5, 13), ( 767,  0,  7, 13), ( 775,  0,  6, 13),
   ( 782,  0,  9, 13), ( 792,  0, 10, 13), ( 803,  0,  7, 13), ( 811,  0,  7, 13),
   ( 819,  0,  5, 13), ( 825,  0,  6, 13), ( 832,  0,  9, 13), ( 842,  0,  6, 13),
   ( 849,  0,  5, 13), ( 855,  0,  5, 13), ( 861,  0,  5, 13), ( 867,  0,  4, 13),
   ( 872,  0,  6, 13), ( 879,  0,  5, 13), ( 885,  0,  7, 13), ( 893,  0,  4, 13),
   ( 898,  0,  5, 13), ( 904,  0,  5, 13), ( 910,  0,  5, 13), ( 916,  0,  5, 13),
   ( 922,  0,  5, 13), ( 928,  0,  5, 13), ( 934,  0,  5, 13), ( 940,  0,  5, 13),
   ( 946,  0,  5, 13), ( 952,  0,  4, 13), ( 957,  0,  5, 13), ( 963,  0,  5, 13),
   ( 969,  0,  7, 13), ( 977,  0,  5, 13), ( 983,  0,  5, 13), ( 989,  0,  5, 13),
   ( 995,  0,  7, 13), (1003,  0,  8, 13), (1012,  0,  6, 13), (1019,  0,  7, 13),
   (1027,  0,  5, 13), (1033,  0,  4, 13), (1038,  0,  8, 13), (1047,  0,  5, 13));

Define OffsetList
 ( (256, 0), ( 1, 0), ( 0, 0), ( 0, 0), ( 0, 0), ( 0, 0), ( 0, 0), ( 0, 0),
   ( 0, 0), ( 0, 0), ( 0, 0), ( 0, 0), ( 0, 0), ( 0, 0), ( 1, 0), ( 0, 0),
   ( 0, 0), ( 1, 0), ( 0, 0), ( 0, 0), ( 0, 0), ( 0, 0), ( 0, 0), ( 0, 0),
   ( 0, 0), ( 0, 0), ( 1, 0), ( 0, 0), ( 1, 0), ( 0, 0), ( 1, 0), ( 0, 0),
   ( 0, 0), ( 0, 0), ( 0, 0), ( 0, 0), ( 0, 0), ( 0, 0), ( 0, 0), ( 0, 0),
   ( 0, 0), ( 0, 0), ( 0, 0), ( 0, 0), ( 0, 0), ( 0, 0), ( 0, 0), ( 0, 0),
   ( 0, 0), ( 0, 0), ( 0, 0), ( 0, 0), ( 0, 0), ( 0, 0), ( 0, 0), ( 0, 0),
   ( 0, 0), ( 0, 0), ( 0, 0), ( 0, 0), ( 0, 0), ( 0, 0), ( 0, 0), ( 0, 0),
   ( 1, 0), ( 0, 0), ( 0, 0), ( 0, 0), ( 0, 0), ( 0, 0), ( 0, 0), ( 0, 0),
   ( 0, 0), ( 0, 0), ( 0, 0), ( 0, 0), ( 0, 0), ( 0, 0), ( 0, 0), ( 0, 0),
   ( 0, 0), ( 0, 0), ( 0, 0), ( 0, 0), ( 0, 0), ( 0, 0), ( 0, 0), ( 0, 0),
   ( 0, 0), ( 0, 0), ( 0, 0), ( 0, 0), ( 1, 0), ( 0, 0), ( 0, 0), ( 0, 0),
   ( 0, 0), ( 0, 0), ( 0, 0), ( 0, 0), ( 0, 0), ( 0, 0), ( 0, 0), ( 0, 0),
   ( 1, 0), ( 0, 0), ( 0, 0), (-1, 0), ( 0, 0), ( 0, 0), ( 0, 0), ( 0, 0),
   ( 0, 0), ( 0, 0), ( 0, 0), ( 0, 0), ( 0, 0), ( 0, 0), ( 0, 0), ( 0, 0),
   ( 0, 0), ( 0, 0), ( 0, 0), ( 0, 0), ( 0, 0), ( 0, 0), ( 0, 0), ( 0, 0),
   ( 0, 0), ( 0, 0), ( 0, 0), ( 0, 0), ( 0, 0), ( 0, 0), ( 0, 0), ( 0, 0),
   ( 0, 0), ( 0, 0), ( 0, 0), ( 0, 0), ( 0, 0), ( 0, 0), ( 0, 0), ( 0, 0),
   ( 0, 0), ( 0, 0), ( 0, 0), ( 0, 0), ( 0, 0), ( 0, 0), ( 0, 0), ( 0, 0),
   ( 0, 0), ( 0, 0), ( 0, 0), ( 0, 0), ( 0, 0), ( 0, 0), ( 0, 0), ( 0, 0),
   ( 0, 0), ( 0, 0), ( 0, 0), ( 0, 0), ( 0, 0), ( 0, 0), ( 0, 0), ( 0, 0),
   ( 0, 0), ( 0, 0), ( 0, 0), ( 0, 0));

Define KerningPairs
 ("'A","-J","-T","-Y",".)",".,",".-",".]",".}","7,","7.","AT","F,","F.","FA","Fa",
  "K-","L'","L-","LJ","LT","LV","LW","LY","Lv","Ly","P,","P.","R-","T,","T-","T.",
  "T:","TA","TT","Ta","Tc","Te","Tg","To","Tr","Ts","Tu","Tv","Tw","Ty","Tz","To",
  "V,","V.","Va","Ve","Vo","Vo","W,","W.","Y,","Y-","Y.","Y:","Ya","Yd","Ye","Yg",
  "Ym","Yn","Yo","Yp","Yq","Yr","Ys","Yu","Yv","Yo","cT","eT","f)","f,","f.","f?",
  "f\\","f]","f}","fi","k-","r,","r.","v,","v.","y,","y.");

Define KerningValues

 (  -1,  -1,  -1,  -1,  -1,  -1,  -1,  -1,  -1,  -1,  -1,  -1,  -2,  -2,  -1,  -1,

    -1,  -1,  -1,   1,  -1,  -1,  -1,  -1,  -1,  -1,  -2,  -2,  -1,  -1,  -1,  -1,

    -1,  -1,  -1,  -1,  -1,  -1,  -1,  -1,  -1,  -1,  -1,  -1,  -1,  -1,  -1,  -1,

    -1,  -1,  -1,  -1,  -1,  -1,  -1,  -1,  -1,  -1,  -1,  -1,  -1,  -1,  -1,  -1,

    -1,  -1,  -1,  -1,  -1,  -1,  -1,  -1,  -1,  -1,  -1,  -1,   1,  -1,  -1,   1,

     1,   1,   1,   1,  -1,  -1,  -1,  -1,  -1,  -1,  -1);

CreateLayer               Main;
LayerSetImage             Main 'Pico129';
LayerSetAscent            Main 11;
LayerSetCharWidths        Main CharList WidthList;
LayerSetCharWidths        Main (' ') (3);
LayerSetKerningPairs      Main KerningPairs KerningValues;
LayerSetImageMap          Main CharList RectList;
LayerSetCharOffsets       Main CharList OffsetList;
LayerSetAscentPadding     Main 0;
LayerSetLineSpacingOffset Main 0;
LayerSetPointSize         Main 8;

SetDefaultPointSize  8;
