Define CharList
 ( ' ', '!', '"', '#', '$', '%', '&',"'", '(', ')', '*', '+', ',', '-', '.', '/',
   '0', '1', '2', '3', '4', '5', '6', '7', '8', '9', ':', ';', '<', '=', '>', '?',
   '@', 'A', 'B', 'C', 'D', 'E', 'F', 'G', 'H', 'I', 'J', 'K', 'L', 'M', 'N', 'O',
   'P', 'Q', 'R', 'S', 'T', 'U', 'V', 'W', 'X', 'Y', 'Z', '[','\\', ']', '^', '_',
   '`', 'a', 'b', 'c', 'd', 'e', 'f', 'g', 'h', 'i', 'j', 'k', 'l', 'm', 'n', 'o',
   'p', 'q', 'r', 's', 't', 'u', 'v', 'w', 'x', 'y', 'z', '{', '|', '}', '~', '¢',
   '£', '¥', '¨', '©', '«', '®', '°', '´', '·', '¸', '»', '¿', 'À', 'Á', 'Â', 'Ã',
   'Ä', 'Å', 'Æ', 'Ç', 'È', 'É', 'Ê', 'Ë', 'Ì', 'Í', 'Î', 'Ï', 'Ð', 'Ñ', 'Ò', 'Ó',
   'Ô', 'Õ', 'Ö', '×', 'Ø', 'Ù', 'Ú', 'Û', 'Ü', 'Ý', 'Þ', 'ß', 'à', 'á', 'â', 'ã',
   'ä', 'å', 'æ', 'ç', 'è', 'é', 'ê', 'ë', 'ì', 'í', 'î', 'ï', 'ð', 'ñ', 'ò', 'ó',
   'ô', 'õ', 'ö', '÷', 'ø', 'ù', 'ú', 'û', 'ü', 'ý', 'þ', 'ÿ');

Define WidthList
 (   3,   3,   6,   9,   7,  13,   9,   3,   5,   5,   7,   9,   3,   5,   3,   6,
     7,   7,   7,   7,   7,   7,   7,   7,   7,   7,   3,   3,   9,   9,   9,   6,
    10,   8,   7,   7,   8,   6,   6,   8,   8,   5,   6,   7,   6,  10,   7,   8,
     7,   8,   8,   7,   7,   8,   7,  11,   7,   7,   7,   5,   6,   5,   9,   7,
     6,   7,   7,   6,   7,   7,   4,   7,   7,   3,   4,   7,   3,  11,   7,   7,
     7,   7,   5,   6,   5,   7,   7,   9,   7,   7,   6,   7,   7,   7,   9,   7,
     6,   7,   6,  10,   8,  10,   6,   6,   4,   7,   8,   3,   8,   7,   7,   6,
    10,   6,  11,   7,   8,   8,   7,   8,  10,   8,   8,   8,   7,   7,   7,   8,
     9,   7,   9,   8,  11,  12,   9,  10,   7,   7,  12,   8,   7,   7,   7,   6,
     9,   7,  11,   6,   6,   6,   7,   7,   8,   7,   7,   7,   7,   6,   7,   7,
     9,   7,   8,   7,   9,  10,   9,  10,   7,   6,  11,   7);

Define RectList
 ( (   0,  0,  0, 13), (   1,  0,  2, 13), (   4,  0,  5, 13), (  10,  0,  8, 13),
   (  19,  0,  6, 13), (  26,  0, 12, 13), (  39,  0,  8, 13), (  48,  0,  2, 13),
   (  51,  0,  4, 13), (  56,  0,  4, 13), (  61,  0,  6, 13), (  68,  0,  7, 13),
   (  76,  0,  2, 13), (  79,  0,  4, 13), (  84,  0,  2, 13), (  87,  0,  5, 13),
   (  93,  0,  6, 13), ( 100,  0,  4, 13), ( 105,  0,  6, 13), ( 112,  0,  6, 13),
   ( 119,  0,  6, 13), ( 126,  0,  6, 13), ( 133,  0,  6, 13), ( 140,  0,  6, 13),
   ( 147,  0,  6, 13), ( 154,  0,  6, 13), ( 161,  0,  2, 13), ( 164,  0,  2, 13),
   ( 167,  0,  7, 13), ( 175,  0,  7, 13), ( 183,  0,  7, 13), ( 191,  0,  5, 13),
   ( 197,  0,  9, 13), ( 207,  0,  7, 13), ( 215,  0,  6, 13), ( 222,  0,  6, 13),
   ( 229,  0,  7, 13), ( 237,  0,  5, 13), ( 243,  0,  5, 13), ( 249,  0,  7, 13),
   ( 257,  0,  7, 13), ( 265,  0,  4, 13), ( 270,  0,  5, 13), ( 276,  0,  6, 13),
   ( 283,  0,  5, 13), ( 289,  0,  9, 13), ( 299,  0,  6, 13), ( 306,  0,  7, 13),
   ( 314,  0,  6, 13), ( 321,  0,  7, 13), ( 329,  0,  7, 13), ( 337,  0,  6, 13),
   ( 344,  0,  6, 13), ( 351,  0,  7, 13), ( 359,  0,  6, 13), ( 366,  0, 10, 13),
   ( 377,  0,  6, 13), ( 384,  0,  6, 13), ( 391,  0,  6, 13), ( 398,  0,  4, 13),
   ( 403,  0,  5, 13), ( 409,  0,  4, 13), ( 414,  0,  7, 13), ( 422,  0,  7, 13),
   ( 430,  0,  3, 13), ( 434,  0,  6, 13), ( 441,  0,  6, 13), ( 448,  0,  5, 13),
   ( 454,  0,  6, 13), ( 461,  0,  6, 13), ( 468,  0,  4, 13), ( 473,  0,  6, 13),
   ( 480,  0,  6, 13), ( 487,  0,  2, 13), ( 490,  0,  3, 13), ( 494,  0,  6, 13),
   ( 501,  0,  2, 13), ( 504,  0, 10, 13), ( 515,  0,  6, 13), ( 522,  0,  6, 13),
   ( 529,  0,  6, 13), ( 536,  0,  6, 13), ( 543,  0,  4, 13), ( 548,  0,  5, 13),
   ( 554,  0,  4, 13), ( 559,  0,  6, 13), ( 566,  0,  6, 13), ( 573,  0,  8, 13),
   ( 582,  0,  6, 13), ( 589,  0,  6, 13), ( 596,  0,  5, 13), ( 602,  0,  6, 13),
   ( 609,  0,  2, 13), ( 612,  0,  6, 13), ( 619,  0,  8, 13), ( 628,  0,  6, 13),
   ( 635,  0,  5, 13), ( 641,  0,  6, 13), ( 648,  0,  5, 13), ( 654,  0,  9, 13),
   ( 664,  0,  6, 13), ( 671,  0,  9, 13), ( 681,  0,  4, 13), ( 686,  0,  5, 13),
   ( 692,  0,  2, 13), ( 695,  0,  6, 13), ( 702,  0,  6, 13), ( 709,  0,  6, 13),
   ( 716,  0,  7, 13), ( 724,  0,  6, 13), ( 731,  0,  6, 13), ( 738,  0,  5, 13),
   ( 744,  0,  9, 13), ( 754,  0,  5, 13), ( 760,  0, 10, 13), ( 771,  0,  6, 13),
   ( 778,  0,  7, 13), ( 786,  0,  7, 13), ( 794,  0,  6, 13), ( 801,  0,  7, 13),
   ( 809,  0,  9, 13), ( 819,  0,  7, 13), ( 827,  0,  7, 13), ( 835,  0,  7, 13),
   ( 843,  0,  6, 13), ( 850,  0,  6, 13), ( 857,  0,  6, 13), ( 864,  0,  7, 13),
   ( 872,  0,  8, 13), ( 881,  0,  6, 13), ( 888,  0,  8, 13), ( 897,  0,  7, 13),
   ( 905,  0, 10, 13), ( 916,  0, 11, 13), ( 928,  0,  8, 13), ( 937,  0,  9, 13),
   ( 947,  0,  6, 13), ( 954,  0,  6, 13), ( 961,  0, 11, 13), ( 973,  0,  7, 13),
   ( 981,  0,  6, 13), ( 988,  0,  6, 13), ( 995,  0,  6, 13), (1002,  0,  5, 13),
   (1008,  0,  8, 13), (1017,  0,  6, 13), (1024,  0, 10, 13), (1035,  0,  5, 13),
   (1041,  0,  5, 13), (1047,  0,  5, 13), (1053,  0,  6, 13), (1060,  0,  6, 13),
   (1067,  0,  7, 13), (1075,  0,  6, 13), (1082,  0,  6, 13), (1089,  0,  6, 13),
   (1096,  0,  6, 13), (1103,  0,  5, 13), (1109,  0,  6, 13), (1116,  0,  6, 13),
   (1123,  0,  8, 13), (1132,  0,  6, 13), (1139,  0,  7, 13), (1147,  0,  6, 13),
   (1154,  0,  8, 13), (1163,  0,  9, 13), (1173,  0,  8, 13), (1182,  0,  9, 13),
   (1192,  0,  6, 13), (1199,  0,  5, 13), (1205,  0, 10, 13), (1216,  0,  6, 13));

Define OffsetList
 ( (256, 0), ( 0, 0), ( 0, 0), ( 0, 0), ( 0, 0), ( 0, 0), ( 0, 0), ( 0, 0),
   ( 0, 0), ( 0, 0), ( 0, 0), ( 1, 0), ( 0, 0), ( 0, 0), ( 0, 0), ( 0, 0),
   ( 0, 0), ( 1, 0), ( 0, 0), ( 0, 0), ( 0, 0), ( 0, 0), ( 0, 0), ( 0, 0),
   ( 0, 0), ( 0, 0), ( 0, 0), ( 0, 0), ( 1, 0), ( 1, 0), ( 1, 0), ( 0, 0),
   ( 0, 0), ( 0, 0), ( 0, 0), ( 0, 0), ( 0, 0), ( 0, 0), ( 0, 0), ( 0, 0),
   ( 0, 0), ( 0, 0), ( 0, 0), ( 0, 0), ( 0, 0), ( 0, 0), ( 0, 0), ( 0, 0),
   ( 0, 0), ( 0, 0), ( 0, 0), ( 0, 0), ( 0, 0), ( 0, 0), ( 0, 0), ( 0, 0),
   ( 0, 0), ( 0, 0), ( 0, 0), ( 0, 0), ( 0, 0), ( 0, 0), ( 0, 0), ( 0, 0),
   ( 1, 0), ( 0, 0), ( 0, 0), ( 0, 0), ( 0, 0), ( 0, 0), ( 0, 0), ( 0, 0),
   ( 0, 0), ( 0, 0), ( 0, 0), ( 0, 0), ( 0, 0), ( 0, 0), ( 0, 0), ( 0, 0),
   ( 0, 0), ( 0, 0), ( 0, 0), ( 0, 0), ( 0, 0), ( 0, 0), ( 0, 0), ( 0, 0),
   ( 0, 0), ( 0, 0), ( 0, 0), ( 0, 0), ( 2, 0), ( 0, 0), ( 0, 0), ( 0, 0),
   ( 0, 0), ( 0, 0), ( 0, 0), ( 0, 0), ( 1, 0), ( 0, 0), ( 1, 0), ( 0, 0),
   ( 1, 0), ( 0, 0), ( 1, 0), (-2, 0), ( 0, 0), ( 0, 0), ( 0, 0), ( 0, 0),
   ( 0, 0), ( 0, 0), ( 0, 0), ( 0, 0), ( 0, 0), ( 0, 0), ( 0, 0), ( 0, 0),
   ( 0, 0), ( 0, 0), ( 0, 0), ( 0, 0), ( 0, 0), ( 0, 0), ( 0, 0), ( 0, 0),
   ( 0, 0), ( 0, 0), ( 0, 0), ( 0, 0), ( 0, 0), ( 0, 0), ( 0, 0), ( 0, 0),
   ( 0, 0), ( 0, 0), ( 0, 0), ( 0, 0), ( 0, 0), ( 0, 0), ( 0, 0), ( 0, 0),
   ( 0, 0), ( 0, 0), ( 0, 0), ( 0, 0), ( 0, 0), ( 0, 0), ( 0, 0), ( 0, 0),
   ( 0, 0), ( 0, 0), ( 0, 0), ( 0, 0), ( 0, 0), ( 0, 0), ( 0, 0), ( 0, 0),
   ( 0, 0), ( 0, 0), ( 0, 0), ( 0, 0), ( 0, 0), ( 0, 0), ( 0, 0), ( 0, 0),
   ( 0, 0), ( 0, 0), ( 0, 0), ( 0, 0));

CreateLayer               Main;
LayerSetImage             Main 'Pix118Bold';
LayerSetAscent            Main 11;
LayerSetCharWidths        Main CharList WidthList;
LayerSetCharWidths        Main (' ') (3);
LayerSetImageMap          Main CharList RectList;
LayerSetCharOffsets       Main CharList OffsetList;
LayerSetAscentPadding     Main 0;
LayerSetLineSpacingOffset Main 0;
LayerSetPointSize         Main 8;

SetDefaultPointSize  8;
